#Gen	Larvae	Adults	Smurfs	Larvae	Adults	Smurfs	Larvae	Adults	Smurfs	Larvae	Adults	Smurfs	Larvae	Adults	Smurfs
  1	0.9970	0.0000	0.0000	0.9950	0.0000	0.0000	0.9930	0.0000	0.0000	0.9970	0.0000	0.0000	0.9960	0.0000	0.0000
  2	0.9910	0.0000	0.0000	0.9860	0.0000	0.0000	0.9880	0.0000	0.0000	0.9910	0.0000	0.0000	0.9890	0.0000	0.0000
  3	0.9830	0.0000	0.0000	0.9800	0.0000	0.0000	0.9820	0.0000	0.0000	0.9850	0.0000	0.0000	0.9850	0.0000	0.0000
  4	0.9790	0.0000	0.0000	0.9740	0.0000	0.0000	0.9750	0.0000	0.0000	0.9820	0.0000	0.0000	0.9770	0.0000	0.0000
  5	0.9700	0.0000	0.0000	0.9650	0.0000	0.0000	0.9690	0.0000	0.0000	0.9760	0.0000	0.0000	0.9690	0.0000	0.0000
  6	0.9620	0.0000	0.0000	0.9560	0.0000	0.0000	0.9570	0.0000	0.0000	0.9670	0.0000	0.0000	0.9610	0.0000	0.0000
  7	0.9540	0.0000	0.0000	0.9480	0.0000	0.0000	0.9510	0.0000	0.0000	0.9560	0.0000	0.0000	0.9490	0.0000	0.0000
  8	0.9400	0.0000	0.0000	0.9410	0.0000	0.0000	0.9400	0.0000	0.0000	0.9500	0.0000	0.0000	0.9370	0.0000	0.0000
  9	0.9280	0.0000	0.0000	0.9280	0.0000	0.0000	0.9250	0.0000	0.0000	0.9390	0.0000	0.0000	0.9270	0.0000	0.0000
 10	0.0000	0.9180	0.0000	0.0000	0.9210	0.0000	0.0000	0.9160	0.0000	0.0000	0.9290	0.0000	0.0000	0.9160	0.0000
 11	0.0000	0.9090	0.0000	0.0000	0.9110	0.0000	0.0000	0.9040	0.0000	0.0000	0.9120	0.0000	0.0000	0.9010	0.0000
 12	0.0000	0.8940	0.0000	0.0000	0.8980	0.0000	0.0000	0.8880	0.0000	0.0000	0.9030	0.0000	0.0000	0.8810	0.0000
 13	0.0000	0.8830	0.0000	0.0000	0.8860	0.0000	0.0000	0.8710	0.0000	0.0000	0.8820	0.0000	0.0000	0.8690	0.0000
 14	0.0000	0.8660	0.0000	0.0000	0.8690	0.0000	0.0000	0.8520	0.0000	0.0000	0.8680	0.0000	0.0000	0.8620	0.0000
 15	0.0000	0.8440	0.0000	0.0000	0.8620	0.0000	0.0000	0.8330	0.0000	0.0000	0.8500	0.0000	0.0000	0.8390	0.0000
 16	0.0000	0.8230	0.0000	0.0000	0.8410	0.0000	0.0000	0.8210	0.0000	0.0000	0.8340	0.0000	0.0000	0.8220	0.0000
 17	0.0000	0.8070	0.0000	0.0000	0.8180	0.0000	0.0000	0.7950	0.0000	0.0000	0.8180	0.0000	0.0000	0.8060	0.0000
 18	0.0000	0.7760	0.0000	0.0000	0.7980	0.0000	0.0000	0.7820	0.0000	0.0000	0.8010	0.0000	0.0000	0.7810	0.0000
 19	0.0000	0.7530	0.0000	0.0000	0.7730	0.0000	0.0000	0.7540	0.0000	0.0000	0.7760	0.0000	0.0000	0.7620	0.0000
 20	0.0000	0.7280	0.0000	0.0000	0.7500	0.0000	0.0000	0.7310	0.0000	0.0000	0.7550	0.0000	0.0000	0.7400	0.0000
 21	0.0000	0.7010	0.0000	0.0000	0.7200	0.0000	0.0000	0.7100	0.0000	0.0000	0.7280	0.0000	0.0000	0.7150	0.0000
 22	0.0000	0.6840	0.0000	0.0000	0.6850	0.0000	0.0000	0.6800	0.0000	0.0000	0.7070	0.0000	0.0000	0.6930	0.0000
 23	0.0000	0.6510	0.0000	0.0000	0.6540	0.0000	0.0000	0.6550	0.0000	0.0000	0.6830	0.0000	0.0000	0.6670	0.0000
 24	0.0000	0.6210	0.0000	0.0000	0.6270	0.0000	0.0000	0.6290	0.0000	0.0000	0.6470	0.0000	0.0000	0.6360	0.0000
 25	0.0000	0.5800	0.0000	0.0000	0.5900	0.0000	0.0000	0.5960	0.0000	0.0000	0.6080	0.0000	0.0000	0.6100	0.0000
 26	0.0000	0.5430	0.0000	0.0000	0.5540	0.0000	0.0000	0.5610	0.0000	0.0000	0.5690	0.0000	0.0000	0.5770	0.0000
 27	0.0000	0.5120	0.0000	0.0000	0.5240	0.0000	0.0000	0.5250	0.0000	0.0000	0.5310	0.0000	0.0000	0.5370	0.0000
 28	0.0000	0.4780	0.0000	0.0000	0.4840	0.0000	0.0000	0.4840	0.0000	0.0000	0.4920	0.0000	0.0000	0.5030	0.0000
 29	0.0000	0.4290	0.0000	0.0000	0.4440	0.0000	0.0000	0.4550	0.0000	0.0000	0.4640	0.0000	0.0000	0.4560	0.0000
 30	0.0000	0.3910	0.0000	0.0000	0.4210	0.0000	0.0000	0.4230	0.0000	0.0000	0.4270	0.0000	0.0000	0.4200	0.0000
 31	0.0000	0.3560	0.0000	0.0000	0.3810	0.0000	0.0000	0.3790	0.0000	0.0000	0.3930	0.0000	0.0000	0.3770	0.0000
 32	0.0000	0.3260	0.0000	0.0000	0.3420	0.0000	0.0000	0.3360	0.0000	0.0000	0.3640	0.0000	0.0000	0.3350	0.0000
 33	0.0000	0.2890	0.0000	0.0000	0.3000	0.0000	0.0000	0.3000	0.0000	0.0000	0.3220	0.0000	0.0000	0.3040	0.0000
 34	0.0000	0.2510	0.0000	0.0000	0.2700	0.0000	0.0000	0.2620	0.0000	0.0000	0.2920	0.0000	0.0000	0.2660	0.0000
 35	0.0000	0.2170	0.0000	0.0000	0.2350	0.0000	0.0000	0.2250	0.0000	0.0000	0.2550	0.0000	0.0000	0.2260	0.0000
 36	0.0000	0.1820	0.0000	0.0000	0.2070	0.0000	0.0000	0.1900	0.0000	0.0000	0.2140	0.0000	0.0000	0.2040	0.0000
 37	0.0000	0.1570	0.0000	0.0000	0.1760	0.0000	0.0000	0.1620	0.0000	0.0000	0.1820	0.0000	0.0000	0.1830	0.0000
 38	0.0000	0.1310	0.0000	0.0000	0.1450	0.0000	0.0000	0.1250	0.0000	0.0000	0.1590	0.0000	0.0000	0.1580	0.0000
 39	0.0000	0.1070	0.0000	0.0000	0.1190	0.0000	0.0000	0.1000	0.0000	0.0000	0.1250	0.0000	0.0000	0.1250	0.0000
 40	0.0000	0.0860	0.0000	0.0000	0.0900	0.0000	0.0000	0.0810	0.0000	0.0000	0.0960	0.0000	0.0000	0.0990	0.0000
 41	0.0000	0.0680	0.0000	0.0000	0.0740	0.0000	0.0000	0.0640	0.0000	0.0000	0.0730	0.0000	0.0000	0.0830	0.0000
 42	0.0000	0.0520	0.0000	0.0000	0.0530	0.0000	0.0000	0.0490	0.0000	0.0000	0.0600	0.0000	0.0000	0.0630	0.0000
 43	0.0000	0.0330	0.0000	0.0000	0.0370	0.0000	0.0000	0.0360	0.0000	0.0000	0.0440	0.0000	0.0000	0.0490	0.0000
 44	0.0000	0.0260	0.0000	0.0000	0.0260	0.0000	0.0000	0.0280	0.0000	0.0000	0.0320	0.0000	0.0000	0.0390	0.0000
 45	0.0000	0.0180	0.0000	0.0000	0.0190	0.0000	0.0000	0.0190	0.0000	0.0000	0.0220	0.0000	0.0000	0.0250	0.0000
 46	0.0000	0.0130	0.0000	0.0000	0.0140	0.0000	0.0000	0.0110	0.0000	0.0000	0.0120	0.0000	0.0000	0.0130	0.0000
 47	0.0000	0.0070	0.0000	0.0000	0.0110	0.0000	0.0000	0.0090	0.0000	0.0000	0.0030	0.0000	0.0000	0.0070	0.0000
 48	0.0000	0.0030	0.0000	0.0000	0.0080	0.0000	0.0000	0.0060	0.0000	0.0000	0.0010	0.0000	0.0000	0.0040	0.0000
 49	0.0000	0.0030	0.0000	0.0000	0.0040	0.0000	0.0000	0.0030	0.0000	0.0000	0.0010	0.0000	0.0000	0.0010	0.0000
 50	0.0000	0.0030	0.0000	0.0000	0.0030	0.0000	0.0000	0.0030	0.0000	0.0000	0.0010	0.0000	0.0000	0.0010	0.0000
 51	0.0000	0.0020	0.0000	0.0000	0.0000	0.0000	0.0000	0.0010	0.0000	0.0000	0.0000	0.0000	0.0000	0.0000	0.0000
 52	0.0000	0.0020	0.0000	0.0000	0.0000	0.0000	0.0000	0.0010	0.0000	0.0000	0.0000	0.0000	0.0000	0.0000	0.0000
 53	0.0000	0.0010	0.0000	0.0000	0.0000	0.0000	0.0000	0.0010	0.0000	0.0000	0.0000	0.0000	0.0000	0.0000	0.0000
 54	0.0000	0.0010	0.0000	0.0000	0.0000	0.0000	0.0000	0.0010	0.0000	0.0000	0.0000	0.0000	0.0000	0.0000	0.0000
 55	0.0000	0.0000	0.0000	0.0000	0.0000	0.0000	0.0000	0.0000	0.0000	0.0000	0.0000	0.0000	0.0000	0.0000	0.0000
 56	0.0000	0.0000	0.0000	0.0000	0.0000	0.0000	0.0000	0.0000	0.0000	0.0000	0.0000	0.0000	0.0000	0.0000	0.0000
 57	0.0000	0.0000	0.0000	0.0000	0.0000	0.0000	0.0000	0.0000	0.0000	0.0000	0.0000	0.0000	0.0000	0.0000	0.0000
 58	0.0000	0.0000	0.0000	0.0000	0.0000	0.0000	0.0000	0.0000	0.0000	0.0000	0.0000	0.0000	0.0000	0.0000	0.0000
 59	0.0000	0.0000	0.0000	0.0000	0.0000	0.0000	0.0000	0.0000	0.0000	0.0000	0.0000	0.0000	0.0000	0.0000	0.0000
 60	0.0000	0.0000	0.0000	0.0000	0.0000	0.0000	0.0000	0.0000	0.0000	0.0000	0.0000	0.0000	0.0000	0.0000	0.0000
