#a  	  0.0010	  0.0064	  0.0119	  0.0173	  0.0228	  0.0282	  0.0337	  0.0391	  0.0446	  0.0500
#b  	 -0.0100	 -0.0644	 -0.1189	 -0.1733	 -0.2278	 -0.2822	 -0.3367	 -0.3911	 -0.4456	 -0.5000
#t0 	   10.00	   10.00	   10.00	   10.00	   10.00	   10.00	   10.00	   10.00	   10.00	   10.00
#t1 	 1010.00	  165.17	   94.11	   67.69	   53.90	   45.43	   39.70	   35.57	   32.44	   30.00
1	1.000000	1.000000	1.000000	1.000000	1.000000	1.000000	1.000000	1.000000	1.000000	1.000000
2	1.000000	1.000000	1.000000	1.000000	1.000000	1.000000	1.000000	1.000000	1.000000	1.000000
3	1.000000	1.000000	1.000000	1.000000	1.000000	1.000000	1.000000	1.000000	1.000000	1.000000
4	1.000000	1.000000	1.000000	1.000000	1.000000	1.000000	1.000000	1.000000	1.000000	1.000000
5	1.000000	1.000000	1.000000	1.000000	1.000000	1.000000	1.000000	1.000000	1.000000	1.000000
6	1.000000	1.000000	1.000000	1.000000	1.000000	1.000000	1.000000	1.000000	1.000000	1.000000
7	1.000000	1.000000	1.000000	1.000000	1.000000	1.000000	1.000000	1.000000	1.000000	1.000000
8	1.000000	1.000000	1.000000	1.000000	1.000000	1.000000	1.000000	1.000000	1.000000	1.000000
9	1.000000	1.000000	1.000000	1.000000	1.000000	1.000000	1.000000	1.000000	1.000000	1.000000
10	1.000000	1.000000	1.000000	1.000000	1.000000	1.000000	1.000000	1.000000	1.000000	1.000000
11	0.999826	0.998879	0.997932	0.996985	0.996038	0.995091	0.994144	0.993197	0.992250	0.991302
12	0.999335	0.995725	0.992137	0.988568	0.985021	0.981494	0.977988	0.974502	0.971037	0.967593
13	0.998409	0.989822	0.981365	0.973036	0.964834	0.956758	0.948808	0.940982	0.933279	0.925698
14	0.996952	0.980633	0.964772	0.949359	0.934386	0.919844	0.905724	0.892017	0.878714	0.865807
15	0.994888	0.967790	0.941904	0.917184	0.893588	0.871075	0.849604	0.829135	0.809630	0.791051
16	0.992154	0.951083	0.912673	0.876777	0.843249	0.811953	0.782757	0.755536	0.730169	0.706543
17	0.988704	0.930440	0.877325	0.828944	0.784909	0.744861	0.708463	0.675402	0.645389	0.618152
18	0.984501	0.905924	0.836388	0.774915	0.720619	0.672699	0.630430	0.593160	0.560302	0.531332
19	0.979519	0.877706	0.790622	0.716219	0.652702	0.598508	0.552274	0.512817	0.479118	0.450296
20	0.973741	0.846061	0.740962	0.654542	0.583517	0.525137	0.477105	0.437518	0.404802	0.377661
21	0.967157	0.811340	0.688448	0.591599	0.515254	0.454985	0.407273	0.369335	0.338989	0.314530
22	0.959765	0.773962	0.634173	0.529015	0.449780	0.389858	0.344271	0.309294	0.282163	0.260842
23	0.951568	0.734394	0.579219	0.468231	0.388543	0.330917	0.288795	0.257559	0.233982	0.215827
24	0.942574	0.693132	0.524610	0.410440	0.332536	0.278723	0.240891	0.213692	0.193620	0.178392
25	0.932797	0.650688	0.471270	0.356550	0.282315	0.233334	0.200142	0.176906	0.160052	0.147388
26	0.922253	0.607570	0.419997	0.307180	0.238051	0.194444	0.165860	0.146278	0.132243	0.121755
27	0.910965	0.564277	0.371436	0.262669	0.199611	0.161504	0.137236	0.120882	0.109248	0.100576
28	0.898955	0.521277	0.326081	0.223117	0.166641	0.133845	0.113454	0.099869	0.090245	0.083081
29	0.886252	0.479003	0.284265	0.188424	0.138647	0.110764	0.093751	0.082500	0.074548	0.068629
30	0.872885	0.437844	0.246179	0.158337	0.115070	0.091584	0.077453	0.068150	0.061580	0.056691
31	0.858887	0.398139	0.211881	0.132505	0.095336	0.075689	0.063984	0.056295	0.050868	0.046830
32	0.844291	0.360171	0.181320	0.110515	0.078893	0.062536	0.052854	0.046503	0.042020	0.038684
33	0.829134	0.324171	0.154353	0.091927	0.065237	0.051663	0.043661	0.038414	0.034710	0.031955
34	0.813452	0.290310	0.130772	0.076308	0.053919	0.042678	0.036066	0.031732	0.028672	0.026396
35	0.797285	0.258710	0.110321	0.063245	0.044553	0.035254	0.029792	0.026212	0.023685	0.021805
36	0.780671	0.229440	0.092718	0.052359	0.036808	0.029122	0.024610	0.021652	0.019565	0.018012
37	0.763651	0.202524	0.077668	0.043313	0.030408	0.024056	0.020329	0.017886	0.016162	0.014879
38	0.746266	0.177945	0.064876	0.035810	0.025119	0.019872	0.016793	0.014775	0.013350	0.012290
39	0.728557	0.155652	0.054062	0.029597	0.020750	0.016415	0.013872	0.012205	0.011028	0.010152
40	0.710565	0.135562	0.044961	0.024456	0.017140	0.013560	0.011459	0.010082	0.009110	0.008386
41	0.692332	0.117571	0.037331	0.020205	0.014159	0.011201	0.009465	0.008328	0.007525	0.006928
42	0.673899	0.101557	0.030956	0.016692	0.011696	0.009253	0.007819	0.006879	0.006216	0.005723
43	0.655306	0.087384	0.025643	0.013789	0.009661	0.007643	0.006459	0.005683	0.005135	0.004727
44	0.636594	0.074912	0.021226	0.011391	0.007981	0.006314	0.005335	0.004694	0.004242	0.003905
45	0.617803	0.063994	0.017558	0.009410	0.006593	0.005215	0.004407	0.003878	0.003504	0.003226
46	0.598970	0.054485	0.014519	0.007773	0.005446	0.004308	0.003641	0.003203	0.002894	0.002665
47	0.580133	0.046243	0.012001	0.006421	0.004498	0.003559	0.003007	0.002646	0.002391	0.002201
48	0.561330	0.039132	0.009918	0.005304	0.003716	0.002940	0.002484	0.002186	0.001975	0.001818
49	0.542595	0.033024	0.008195	0.004381	0.003070	0.002428	0.002052	0.001805	0.001631	0.001502
50	0.523963	0.027798	0.006771	0.003619	0.002536	0.002006	0.001695	0.001491	0.001348	0.001241
51	0.505466	0.023344	0.005594	0.002990	0.002095	0.001657	0.001400	0.001232	0.001113	0.001025
52	0.487136	0.019561	0.004621	0.002470	0.001730	0.001369	0.001157	0.001018	0.000920	0.000847
53	0.469001	0.016360	0.003817	0.002040	0.001429	0.001131	0.000955	0.000841	0.000760	0.000699
54	0.451090	0.013658	0.003153	0.001685	0.001181	0.000934	0.000789	0.000694	0.000627	0.000578
55	0.433430	0.011385	0.002605	0.001392	0.000975	0.000772	0.000652	0.000574	0.000518	0.000477
56	0.416045	0.009476	0.002152	0.001150	0.000806	0.000637	0.000539	0.000474	0.000428	0.000394
57	0.398957	0.007878	0.001777	0.000950	0.000665	0.000526	0.000445	0.000391	0.000354	0.000326
58	0.382188	0.006542	0.001468	0.000785	0.000550	0.000435	0.000367	0.000323	0.000292	0.000269
59	0.365757	0.005428	0.001213	0.000648	0.000454	0.000359	0.000304	0.000267	0.000241	0.000222
60	0.349682	0.004500	0.001002	0.000535	0.000375	0.000297	0.000251	0.000221	0.000199	0.000184
61	0.333978	0.003728	0.000828	0.000442	0.000310	0.000245	0.000207	0.000182	0.000165	0.000152
62	0.318660	0.003087	0.000684	0.000365	0.000256	0.000202	0.000171	0.000151	0.000136	0.000125
63	0.303739	0.002554	0.000565	0.000302	0.000211	0.000167	0.000141	0.000124	0.000112	0.000103
64	0.289226	0.002113	0.000466	0.000249	0.000175	0.000138	0.000117	0.000103	0.000093	0.000085
65	0.275129	0.001748	0.000385	0.000206	0.000144	0.000114	0.000096	0.000085	0.000077	0.000071
66	0.261457	0.001445	0.000318	0.000170	0.000119	0.000094	0.000080	0.000070	0.000063	0.000058
67	0.248214	0.001194	0.000263	0.000141	0.000098	0.000078	0.000066	0.000058	0.000052	0.000048
68	0.235406	0.000987	0.000217	0.000116	0.000081	0.000064	0.000054	0.000048	0.000043	0.000040
69	0.223033	0.000816	0.000179	0.000096	0.000067	0.000053	0.000045	0.000040	0.000036	0.000033
70	0.211098	0.000674	0.000148	0.000079	0.000055	0.000044	0.000037	0.000033	0.000029	0.000027
71	0.199601	0.000557	0.000122	0.000065	0.000046	0.000036	0.000031	0.000027	0.000024	0.000022
72	0.188540	0.000460	0.000101	0.000054	0.000038	0.000030	0.000025	0.000022	0.000020	0.000019
73	0.177912	0.000380	0.000084	0.000045	0.000031	0.000025	0.000021	0.000018	0.000017	0.000015
74	0.167714	0.000314	0.000069	0.000037	0.000026	0.000020	0.000017	0.000015	0.000014	0.000013
75	0.157942	0.000259	0.000057	0.000030	0.000021	0.000017	0.000014	0.000013	0.000011	0.000010
76	0.148589	0.000214	0.000047	0.000025	0.000018	0.000014	0.000012	0.000010	0.000009	0.000009
77	0.139648	0.000177	0.000039	0.000021	0.000015	0.000012	0.000010	0.000009	0.000008	0.000007
78	0.131113	0.000146	0.000032	0.000017	0.000012	0.000010	0.000008	0.000007	0.000006	0.000006
79	0.122976	0.000121	0.000027	0.000014	0.000010	0.000008	0.000007	0.000006	0.000005	0.000005
80	0.115227	0.000100	0.000022	0.000012	0.000008	0.000006	0.000005	0.000005	0.000004	0.000004
81	0.107858	0.000082	0.000018	0.000010	0.000007	0.000005	0.000005	0.000004	0.000004	0.000003
82	0.100858	0.000068	0.000015	0.000008	0.000006	0.000004	0.000004	0.000003	0.000003	0.000003
83	0.094217	0.000056	0.000012	0.000007	0.000005	0.000004	0.000003	0.000003	0.000002	0.000002
84	0.087924	0.000046	0.000010	0.000005	0.000004	0.000003	0.000003	0.000002	0.000002	0.000002
85	0.081969	0.000038	0.000008	0.000005	0.000003	0.000002	0.000002	0.000002	0.000002	0.000002
86	0.076339	0.000032	0.000007	0.000004	0.000003	0.000002	0.000002	0.000002	0.000001	0.000001
87	0.071025	0.000026	0.000006	0.000003	0.000002	0.000002	0.000001	0.000001	0.000001	0.000001
88	0.066014	0.000022	0.000005	0.000003	0.000002	0.000001	0.000001	0.000001	0.000001	0.000001
89	0.061294	0.000018	0.000004	0.000002	0.000001	0.000001	0.000001	0.000001	0.000001	0.000001
90	0.056854	0.000015	0.000003	0.000002	0.000001	0.000001	0.000001	0.000001	0.000001	0.000001
91	0.052683	0.000012	0.000003	0.000001	0.000001	0.000001	0.000001	0.000001	0.000001	0.000000
92	0.048768	0.000010	0.000002	0.000001	0.000001	0.000001	0.000001	0.000000	0.000000	0.000000
93	0.045099	0.000008	0.000002	0.000001	0.000001	0.000001	0.000000	0.000000	0.000000	0.000000
94	0.041663	0.000007	0.000002	0.000001	0.000001	0.000000	0.000000	0.000000	0.000000	0.000000
95	0.038450	0.000006	0.000001	0.000001	0.000000	0.000000	0.000000	0.000000	0.000000	0.000000
96	0.035450	0.000005	0.000001	0.000001	0.000000	0.000000	0.000000	0.000000	0.000000	0.000000
97	0.032650	0.000004	0.000001	0.000000	0.000000	0.000000	0.000000	0.000000	0.000000	0.000000
98	0.030041	0.000003	0.000001	0.000000	0.000000	0.000000	0.000000	0.000000	0.000000	0.000000
99	0.027613	0.000003	0.000001	0.000000	0.000000	0.000000	0.000000	0.000000	0.000000	0.000000
100	0.025355	0.000002	0.000000	0.000000	0.000000	0.000000	0.000000	0.000000	0.000000	0.000000
