#a  	  0.0039	  0.0043	  0.0048	  0.0052	  0.0056	  0.0061	  0.0065	  0.0069	  0.0073	  0.0078	  0.0082	  0.0086	  0.0091	  0.0095	  0.0099	  0.0104	  0.0108	  0.0112	  0.0117	  0.0121	  0.0125	  0.0129	  0.0134	  0.0138	  0.0142	  0.0147	  0.0151	  0.0155	  0.0160	  0.0164	  0.0168	  0.0172	  0.0177	  0.0181	  0.0185	  0.0190	  0.0194	  0.0198	  0.0203	  0.0207	  0.0211	  0.0216	  0.0220	  0.0224	  0.0228	  0.0233	  0.0237	  0.0241	  0.0246	  0.0250
#b  	 -0.0190	 -0.0190	 -0.0190	 -0.0190	 -0.0190	 -0.0190	 -0.0190	 -0.0190	 -0.0190	 -0.0190	 -0.0190	 -0.0190	 -0.0190	 -0.0190	 -0.0190	 -0.0190	 -0.0190	 -0.0190	 -0.0190	 -0.0190	 -0.0190	 -0.0190	 -0.0190	 -0.0190	 -0.0190	 -0.0190	 -0.0190	 -0.0190	 -0.0190	 -0.0190	 -0.0190	 -0.0190	 -0.0190	 -0.0190	 -0.0190	 -0.0190	 -0.0190	 -0.0190	 -0.0190	 -0.0190	 -0.0190	 -0.0190	 -0.0190	 -0.0190	 -0.0190	 -0.0190	 -0.0190	 -0.0190	 -0.0190	 -0.0190
#t0 	    4.87	    4.39	    3.99	    3.66	    3.38	    3.14	    2.93	    2.75	    2.59	    2.44	    2.32	    2.20	    2.10	    2.00	    1.91	    1.83	    1.76	    1.69	    1.63	    1.57	    1.52	    1.47	    1.42	    1.38	    1.33	    1.30	    1.26	    1.22	    1.19	    1.16	    1.13	    1.10	    1.07	    1.05	    1.02	    1.00	    0.98	    0.96	    0.94	    0.92	    0.90	    0.88	    0.86	    0.85	    0.83	    0.82	    0.80	    0.79	    0.77	    0.76
#t1 	  261.28	  235.30	  214.02	  196.27	  181.24	  168.34	  157.16	  147.38	  138.74	  131.05	  124.18	  117.98	  112.38	  107.29	  102.63	   98.37	   94.44	   90.82	   87.46	   84.34	   81.44	   78.73	   76.20	   73.82	   71.59	   69.48	   67.50	   65.63	   63.86	   62.18	   60.59	   59.08	   57.64	   56.27	   54.96	   53.71	   52.52	   51.38	   50.29	   49.24	   48.24	   47.27	   46.35	   45.46	   44.60	   43.78	   42.98	   42.21	   41.47	   40.76
1	1.00000000	1.00000000	1.00000000	1.00000000	1.00000000	1.00000000	1.00000000	1.00000000	1.00000000	1.00000000	1.00000000	1.00000000	1.00000000	1.00000000	1.00000000	1.00000000	1.00000000	1.00000000	1.00000000	1.00000000	1.00000000	1.00000000	1.00000000	1.00000000	1.00000000	1.00000000	1.00000000	1.00000000	1.00000000	1.00000000	1.00000000	1.00000000	1.00000000	1.00000000	1.00000000	1.00000000	0.99993006	0.99985516	0.99978025	0.99970535	0.99963044	0.99955554	0.99948063	0.99940573	0.99933082	0.99925592	0.99918101	0.99910611	0.99903120	0.99895630
2	1.00000000	1.00000000	1.00000000	1.00000000	1.00000000	1.00000000	1.00000000	1.00000000	1.00000000	1.00000000	1.00000000	1.00000000	1.00000000	1.00000000	0.99985090	0.99970109	0.99955128	0.99940147	0.99925166	0.99910185	0.99895204	0.99880223	0.99865242	0.99850261	0.99835280	0.99820299	0.99805318	0.99790337	0.99775356	0.99760375	0.99745394	0.99730413	0.99715432	0.99700451	0.99685470	0.99670489	0.99642876	0.99614378	0.99585892	0.99557420	0.99528961	0.99500514	0.99472080	0.99443659	0.99415252	0.99386857	0.99358474	0.99330105	0.99301749	0.99273406
3	1.00000000	1.00000000	1.00000000	1.00000000	1.00000000	1.00000000	0.99992154	0.99969683	0.99947211	0.99924740	0.99902268	0.99879797	0.99857325	0.99834854	0.99785317	0.99735690	0.99686101	0.99636551	0.99587040	0.99537567	0.99488133	0.99438738	0.99389382	0.99340064	0.99290785	0.99241545	0.99192343	0.99143180	0.99094056	0.99044971	0.98995924	0.98946916	0.98897946	0.98849016	0.98800124	0.98751270	0.98685435	0.98618469	0.98551584	0.98484780	0.98418056	0.98351413	0.98284850	0.98218367	0.98151965	0.98085643	0.98019402	0.97953240	0.97887159	0.97821158
4	1.00000000	1.00000000	0.99999219	0.99969257	0.99939295	0.99909333	0.99865099	0.99794311	0.99723600	0.99652967	0.99582411	0.99511933	0.99441532	0.99371209	0.99264161	0.99157137	0.99050310	0.98943681	0.98837250	0.98731017	0.98624981	0.98519141	0.98413499	0.98308054	0.98202804	0.98097752	0.97992895	0.97888234	0.97783769	0.97679499	0.97575424	0.97471545	0.97367860	0.97264370	0.97161075	0.97057974	0.96934807	0.96810479	0.96686433	0.96562668	0.96439185	0.96315982	0.96193059	0.96070416	0.95948052	0.95825966	0.95704159	0.95582630	0.95461379	0.95340404
5	0.99991302	0.99953850	0.99914975	0.99823021	0.99731195	0.99639499	0.99528456	0.99381393	0.99234695	0.99088362	0.98942392	0.98796786	0.98651543	0.98506662	0.98317742	0.98129220	0.97941306	0.97753999	0.97567297	0.97381200	0.97195704	0.97010810	0.96826516	0.96642820	0.96459721	0.96277217	0.96095307	0.95913990	0.95733264	0.95553128	0.95373580	0.95194619	0.95016244	0.94838453	0.94661244	0.94484617	0.94286118	0.94086747	0.93888104	0.93690186	0.93492992	0.93296519	0.93100765	0.92905728	0.92711405	0.92517795	0.92324896	0.92132706	0.91941221	0.91750442
6	0.99907618	0.99794569	0.99679769	0.99492697	0.99306206	0.99120296	0.98911342	0.98659252	0.98408215	0.98158227	0.97909285	0.97661386	0.97414526	0.97168703	0.96873803	0.96580113	0.96287868	0.95997060	0.95707685	0.95419737	0.95133209	0.94848097	0.94564393	0.94282094	0.94001192	0.93721682	0.93443559	0.93166817	0.92891449	0.92617452	0.92344818	0.92073542	0.91803619	0.91535043	0.91267809	0.91001911	0.90713636	0.90425221	0.90138350	0.89853017	0.89569213	0.89286933	0.89006169	0.88726913	0.88449160	0.88172901	0.87898130	0.87624839	0.87353023	0.87082673
7	0.99694819	0.99468076	0.99239813	0.98924417	0.98610635	0.98298462	0.97961043	0.97575709	0.97192759	0.96812180	0.96433961	0.96058088	0.95684551	0.95313337	0.94890286	0.94469907	0.94052440	0.93637869	0.93226175	0.92817342	0.92411351	0.92008185	0.91607827	0.91210260	0.90815467	0.90423430	0.90034133	0.89647559	0.89263690	0.88882511	0.88504004	0.88128153	0.87754942	0.87384354	0.87016372	0.86650981	0.86264025	0.85878211	0.85495247	0.85115113	0.84737789	0.84363258	0.83991500	0.83622496	0.83256228	0.82892677	0.82531825	0.82173653	0.81818143	0.81465277
8	0.99309610	0.98931900	0.98553783	0.98077793	0.97605350	0.97136432	0.96641746	0.96096779	0.95556455	0.95020740	0.94489598	0.93962995	0.93440898	0.92923272	0.92353369	0.91788475	0.91228817	0.90674349	0.90125028	0.89580811	0.89041653	0.88507512	0.87978345	0.87454109	0.86934761	0.86420261	0.85910567	0.85405636	0.84905428	0.84409903	0.83919019	0.83432737	0.82951017	0.82473819	0.82001104	0.81532832	0.81045089	0.80560398	0.80080426	0.79605129	0.79134464	0.78668388	0.78206860	0.77749836	0.77297276	0.76849137	0.76405378	0.75965960	0.75530841	0.75099981
9	0.98718405	0.98154077	0.97591715	0.96924797	0.96264622	0.95611131	0.94933270	0.94205310	0.93485489	0.92773726	0.92069938	0.91374042	0.90685957	0.90005604	0.89274913	0.88552661	0.87839028	0.87133918	0.86437236	0.85748885	0.85068773	0.84396805	0.83732890	0.83076936	0.82428853	0.81788551	0.81155941	0.80530936	0.79913449	0.79303394	0.78700686	0.78105239	0.77516971	0.76935800	0.76361642	0.75794417	0.75210998	0.74633175	0.74062516	0.73498933	0.72942342	0.72392657	0.71849795	0.71313674	0.70784212	0.70261327	0.69744940	0.69234972	0.68731343	0.68233977
10	0.97896366	0.97112173	0.96334014	0.95448712	0.94575009	0.93712766	0.92829741	0.91899515	0.90982477	0.90078450	0.89187261	0.88308738	0.87442711	0.86589013	0.85689330	0.84802795	0.83929494	0.83069239	0.82221841	0.81387115	0.80564878	0.79754950	0.78957152	0.78171309	0.77397247	0.76634794	0.75883782	0.75144043	0.74415413	0.73697729	0.72990831	0.72294559	0.71608759	0.70933275	0.70267955	0.69612650	0.68945430	0.68286912	0.67638505	0.67000054	0.66371407	0.65752414	0.65142927	0.64542799	0.63951887	0.63370048	0.62797144	0.62233034	0.61677585	0.61130660
11	0.96826555	0.95792404	0.94770513	0.93643104	0.92534216	0.91443561	0.90338178	0.89191379	0.88064654	0.86957664	0.85870079	0.84801571	0.83751818	0.82720503	0.81649959	0.80598671	0.79566567	0.78553306	0.77558549	0.76581966	0.75623231	0.74682023	0.73758026	0.72850931	0.71960431	0.71086228	0.70228025	0.69385533	0.68558465	0.67746542	0.66949487	0.66167029	0.65398901	0.64644840	0.63904589	0.63177894	0.62444305	0.61722926	0.61014953	0.60320136	0.59638224	0.58968973	0.58312145	0.57667502	0.57034814	0.56413854	0.55804396	0.55206224	0.54619120	0.54042873
12	0.95499170	0.94188812	0.92899573	0.91510812	0.90149949	0.88816448	0.87476983	0.86104925	0.84761903	0.83447320	0.82160588	0.80901132	0.79668387	0.78461798	0.77225056	0.76015114	0.74831656	0.73674107	0.72541904	0.71434495	0.70351338	0.69291905	0.68255676	0.67242142	0.66250806	0.65281179	0.64332783	0.63405150	0.62497821	0.61610348	0.60742290	0.59893217	0.59062707	0.58250347	0.57455732	0.56678467	0.55899741	0.55136907	0.54390905	0.53661349	0.52947864	0.52250083	0.51567645	0.50900200	0.50247403	0.49608917	0.48984414	0.48373570	0.47776072	0.47191611
13	0.93910839	0.92302476	0.90727184	0.89062908	0.87438715	0.85853670	0.84274341	0.82674364	0.81114630	0.79594144	0.78111930	0.76667038	0.75258539	0.73885523	0.72493574	0.71137343	0.69816159	0.68529114	0.67275322	0.66053919	0.64864059	0.63704922	0.62575703	0.61475621	0.60403912	0.59359831	0.58342653	0.57351669	0.56386189	0.55445540	0.54529066	0.53636127	0.52766099	0.51918374	0.51092360	0.50287480	0.49486620	0.48705242	0.47943985	0.47202304	0.46479668	0.45775560	0.45089477	0.44420928	0.43769435	0.43134534	0.42515773	0.41912711	0.41324919	0.40751980
14	0.92063953	0.90140745	0.88266079	0.86317648	0.84424585	0.82585346	0.80766538	0.78942162	0.77171550	0.75453127	0.73785362	0.72166766	0.70595889	0.69071325	0.67540915	0.66056344	0.64616457	0.63219890	0.61865323	0.60551469	0.59277082	0.58040953	0.56841905	0.55678798	0.54550525	0.53456012	0.52394217	0.51364126	0.50364760	0.49395164	0.48454417	0.47541620	0.46655904	0.45796426	0.44962369	0.44152938	0.43352698	0.42575163	0.41820644	0.41088413	0.40377763	0.39688009	0.39018489	0.38368560	0.37737600	0.37125004	0.36530190	0.35952592	0.35391662	0.34846868
15	0.89966021	0.87716478	0.85534824	0.83299401	0.81137927	0.79047982	0.76996239	0.74957054	0.72987425	0.71084976	0.69247406	0.67472491	0.65758078	0.64102086	0.62454831	0.60864463	0.59329196	0.57847081	0.56416232	0.55034830	0.53701117	0.52413394	0.51170024	0.49969422	0.48810061	0.47690466	0.46609212	0.45564924	0.44556276	0.43581988	0.42640824	0.41731591	0.40853139	0.40004360	0.39184181	0.38391571	0.37612694	0.36859133	0.36130864	0.35426964	0.34746543	0.34088742	0.33452736	0.32837727	0.32242948	0.31667660	0.31111150	0.30572732	0.30051746	0.29547554
16	0.87629044	0.85047284	0.82556913	0.80037556	0.77614120	0.75282966	0.73010749	0.70772063	0.68620832	0.66553613	0.64567090	0.62658073	0.60823492	0.59060396	0.57321650	0.55651406	0.54047090	0.52506024	0.51025631	0.49603441	0.48237076	0.46924257	0.45662795	0.44450586	0.43285612	0.42165936	0.41089697	0.40055113	0.39060469	0.38104122	0.37184496	0.36300079	0.35449418	0.34631123	0.33843859	0.33086345	0.32346235	0.31633265	0.30947084	0.30286578	0.29650680	0.29038368	0.28448661	0.27880621	0.27333349	0.26805985	0.26297703	0.25807714	0.25335261	0.24879620
17	0.85068898	0.82154776	0.79359861	0.76565437	0.73892268	0.71335080	0.68860315	0.66442573	0.64132013	0.61923815	0.59813370	0.57796267	0.55868290	0.54025406	0.52222989	0.50500822	0.48855392	0.47283150	0.45780710	0.44344838	0.42972447	0.41660589	0.40406454	0.39207358	0.38060739	0.36964155	0.35915277	0.34911880	0.33951846	0.33033152	0.32153871	0.31312164	0.30506279	0.29734546	0.28995373	0.28287242	0.27599168	0.26939176	0.26306614	0.25700200	0.25118711	0.24560983	0.24025907	0.23512429	0.23019543	0.22546294	0.22091770	0.21655106	0.21235477	0.20832097
18	0.82304723	0.79063815	0.75974292	0.72919229	0.70013949	0.67251057	0.64596482	0.62024511	0.59580874	0.57259042	0.55052810	0.52956279	0.50963845	0.49070182	0.47233041	0.45487568	0.43829164	0.42253292	0.40755647	0.39332144	0.37978911	0.36692275	0.35468752	0.34305040	0.33198011	0.32144696	0.31142284	0.30188110	0.29279649	0.28414510	0.27590426	0.26805251	0.26056951	0.25343602	0.24663381	0.24014560	0.23387390	0.22788354	0.22216548	0.21670552	0.21149025	0.20650697	0.20174366	0.19718895	0.19283210	0.18866293	0.18467183	0.18084970	0.17718792	0.17367837
19	0.79358327	0.75801782	0.72433062	0.69136925	0.66021999	0.63078209	0.60270578	0.57572682	0.55025199	0.52619540	0.50347597	0.48201714	0.46174665	0.44259629	0.42416536	0.40675728	0.39031405	0.37477939	0.36010033	0.34622691	0.33311211	0.32071164	0.30898377	0.29788923	0.28739105	0.27745441	0.26804657	0.25913668	0.25069573	0.24269644	0.23511311	0.22792158	0.22109914	0.21462441	0.20847729	0.20263887	0.19702279	0.19168045	0.18660082	0.18176883	0.17717029	0.17279189	0.16862110	0.16464617	0.16085602	0.15724027	0.15378916	0.15049351	0.14734469	0.14433460
20	0.76253597	0.72397851	0.68770395	0.65257336	0.61959384	0.58863169	0.55932340	0.53139295	0.50519098	0.48060748	0.45753932	0.43588982	0.41556839	0.39649014	0.37827376	0.36117403	0.34512006	0.33004414	0.31588290	0.30257711	0.29007136	0.27831384	0.26725613	0.25685296	0.24706202	0.23784378	0.22916129	0.22098004	0.21326778	0.20599440	0.19913177	0.19265361	0.18653537	0.18075416	0.17528857	0.17011863	0.16516804	0.16047680	0.15603255	0.15181982	0.14782417	0.14403212	0.14043109	0.13700934	0.13375590	0.13066053	0.12771368	0.12490642	0.12223041	0.11967787
21	0.73015926	0.68882304	0.65021074	0.61319159	0.57868162	0.54650763	0.51628710	0.48772725	0.46111756	0.43632055	0.41320829	0.39166177	0.37157031	0.35283101	0.33507948	0.31852222	0.30307514	0.28865887	0.27519978	0.26262948	0.25088456	0.23990615	0.22963964	0.22003437	0.21104337	0.20262307	0.19473305	0.18733585	0.18039674	0.17388352	0.16776633	0.16201750	0.15661137	0.15152417	0.14673385	0.14221998	0.13791542	0.13385073	0.13001290	0.12638656	0.12295749	0.11971249	0.11663933	0.11372667	0.11096399	0.10834153	0.10585024	0.10348172	0.10122816	0.09908234
22	0.69671669	0.65285871	0.61219683	0.57360127	0.53788560	0.50483035	0.47402847	0.44516520	0.41846472	0.39375908	0.37089326	0.34972419	0.33011987	0.31195855	0.29489047	0.27907522	0.26441563	0.25082109	0.23820814	0.22649998	0.21562587	0.20552072	0.19612462	0.18738244	0.17924344	0.17166096	0.16459204	0.15799719	0.15184005	0.14608720	0.14070789	0.13567381	0.13095896	0.12653937	0.12239303	0.11849966	0.11480045	0.11131840	0.10804042	0.10495171	0.10203868	0.09928879	0.09669050	0.09423319	0.09190704	0.08970304	0.08761286	0.08562881	0.08374380	0.08195129
23	0.66247615	0.61639121	0.57399917	0.53416260	0.49758189	0.46398455	0.43293336	0.40408668	0.37760009	0.35327279	0.33092096	0.31037639	0.29148519	0.27410658	0.25790338	0.24299063	0.22925879	0.21660684	0.20494253	0.19418165	0.18424731	0.17506934	0.16658368	0.15873186	0.15146055	0.14472105	0.13846894	0.13266366	0.12726824	0.12224890	0.11757482	0.11321788	0.10915239	0.10535493	0.10180408	0.09848028	0.09533231	0.09237727	0.08960247	0.08699409	0.08453944	0.08222695	0.08004602	0.07798695	0.07604084	0.07419956	0.07245563	0.07080219	0.06923297	0.06774218
24	0.62770503	0.57971900	0.53593966	0.49521221	0.45811394	0.42431287	0.39333634	0.36481122	0.33882241	0.31513458	0.29353420	0.27382758	0.25583907	0.23940939	0.22421241	0.21032176	0.19761678	0.18598741	0.17533399	0.16556634	0.15660285	0.14836965	0.14079992	0.13383316	0.12741467	0.12149490	0.11602905	0.11097656	0.10630071	0.10196827	0.09794915	0.09421609	0.09074441	0.08751175	0.08449783	0.08168426	0.07902670	0.07653777	0.07420559	0.07201750	0.06996200	0.06802864	0.06620792	0.06449116	0.06287050	0.06133874	0.05988933	0.05851628	0.05721411	0.05597783
25	0.59266572	0.54312833	0.49831994	0.45705790	0.41978756	0.38611162	0.35551717	0.32759578	0.30236080	0.27954160	0.25889487	0.24020196	0.22326635	0.20791152	0.19382136	0.18103199	0.16941338	0.15884814	0.14923097	0.14046744	0.13247282	0.12517113	0.11849422	0.11238097	0.10677654	0.10163172	0.09690238	0.09254888	0.08853567	0.08483079	0.08140557	0.07823421	0.07529356	0.07256275	0.07002305	0.06765756	0.06542815	0.06334411	0.06139462	0.05956833	0.05785504	0.05624551	0.05473137	0.05330505	0.05195969	0.05068906	0.04948751	0.04834989	0.04727152	0.04624814
26	0.55761153	0.50688894	0.46141702	0.41997452	0.38286741	0.34962805	0.31969938	0.29263477	0.26837645	0.24661876	0.22708949	0.20954636	0.19377371	0.17957963	0.16665764	0.15501078	0.14450175	0.13500794	0.12642035	0.11864213	0.11158724	0.10517915	0.09934990	0.09403901	0.08919275	0.08476332	0.08070816	0.07698944	0.07357345	0.07043017	0.06753283	0.06485758	0.06238313	0.06009047	0.05796261	0.05598436	0.05412315	0.05238585	0.05076280	0.04924407	0.04782072	0.04648473	0.04522888	0.04404664	0.04293214	0.04188005	0.04088557	0.03994432	0.03905237	0.03820609
27	0.52278317	0.47125036	0.42547982	0.38420114	0.34757496	0.31505952	0.28605074	0.26006207	0.23696645	0.21642445	0.19813685	0.18183988	0.16730114	0.15431586	0.14258726	0.13209012	0.12268230	0.11423815	0.10664712	0.09981185	0.09364665	0.08807606	0.08303363	0.07846081	0.07430599	0.07052366	0.06707370	0.06392068	0.06103330	0.05838391	0.05594805	0.05370408	0.05163281	0.04971724	0.04794226	0.04629444	0.04474617	0.04330256	0.04195516	0.04069539	0.03951557	0.03840882	0.03736899	0.03639053	0.03546845	0.03459828	0.03377595	0.03299781	0.03226053	0.03156111
28	0.48840564	0.43643907	0.39072677	0.34993926	0.31408781	0.28255405	0.25468534	0.22995478	0.20816920	0.18895778	0.17199696	0.15700451	0.14373423	0.13197145	0.12142971	0.11206050	0.10371935	0.09627993	0.08963213	0.08367997	0.07833974	0.07353844	0.06921234	0.06530582	0.06177028	0.05856326	0.05564758	0.05299071	0.05056415	0.04834289	0.04630498	0.04443112	0.04270433	0.04110963	0.03963381	0.03826521	0.03698053	0.03578363	0.03466724	0.03362404	0.03264750	0.03173181	0.03087175	0.03006266	0.02930037	0.02858111	0.02790149	0.02725846	0.02664925	0.02607137
29	0.45468572	0.40265622	0.35734421	0.31735223	0.28254019	0.25221223	0.22566703	0.20233824	0.18197113	0.16416679	0.14858090	0.13491628	0.12291647	0.11236017	0.10297214	0.09468557	0.08735621	0.08085926	0.07508702	0.06994652	0.06535749	0.06125054	0.05756569	0.05425104	0.05126165	0.04855855	0.04610795	0.04388048	0.04185061	0.03999611	0.03829756	0.03673806	0.03530276	0.03397871	0.03275449	0.03162008	0.03055596	0.02956508	0.02864127	0.02777833	0.02697077	0.02621371	0.02550279	0.02483410	0.02420416	0.02360983	0.02304831	0.02251704	0.02201375	0.02153634
30	0.42181004	0.37007628	0.32548573	0.28656561	0.25302462	0.22409027	0.19901392	0.17719209	0.15831413	0.14195731	0.12776073	0.11541632	0.10466112	0.09527067	0.08698207	0.07971503	0.07332790	0.06769947	0.06272616	0.05831946	0.05440366	0.05091396	0.04779483	0.04499867	0.04248457	0.04021740	0.03816689	0.03630695	0.03461506	0.03307172	0.03166005	0.03036539	0.02917497	0.02807767	0.02706377	0.02612477	0.02524433	0.02442479	0.02366092	0.02294756	0.02228010	0.02165445	0.02106700	0.02051450	0.01999404	0.01950304	0.01903914	0.01860026	0.01818449	0.01779012
31	0.38994357	0.33884615	0.29527232	0.25766843	0.22559446	0.19820390	0.17470369	0.15445680	0.13710339	0.12220180	0.10937928	0.09832120	0.08876201	0.08047753	0.07321845	0.06689541	0.06137156	0.05653101	0.05227576	0.04852289	0.04520213	0.04225390	0.03962761	0.03728026	0.03517519	0.03328118	0.03157151	0.03002333	0.02861702	0.02733573	0.02616490	0.02509201	0.02410616	0.02319793	0.02235911	0.02158252	0.02085457	0.02017712	0.01954581	0.01895631	0.01840480	0.01788788	0.01740254	0.01694609	0.01651614	0.01611052	0.01572731	0.01536476	0.01502131	0.01469553
32	0.35922880	0.30908508	0.26679320	0.23071522	0.20026720	0.17453295	0.15267935	0.13404060	0.11821517	0.10474794	0.09325926	0.08343240	0.07500308	0.06775071	0.06144069	0.05597864	0.05123431	0.04709860	0.04348016	0.04030247	0.03750128	0.03502263	0.03282109	0.03085834	0.02910201	0.02752468	0.02610310	0.02481747	0.02365092	0.02258900	0.02161934	0.02073130	0.01991569	0.01916457	0.01847105	0.01782912	0.01722751	0.01666771	0.01614608	0.01565903	0.01520339	0.01477635	0.01437541	0.01399835	0.01364317	0.01330811	0.01299155	0.01269206	0.01240835	0.01213925
33	0.32978525	0.28088509	0.24010735	0.20572865	0.17702822	0.15302625	0.13285522	0.11582632	0.10150438	0.08942658	0.07921145	0.07054451	0.06316639	0.05686313	0.05141582	0.04672849	0.04267898	0.03916604	0.03610573	0.03342840	0.03107616	0.02900076	0.02716195	0.02552602	0.02406472	0.02275429	0.02157468	0.02050893	0.01954266	0.01866362	0.01786136	0.01712692	0.01645258	0.01583171	0.01525854	0.01472810	0.01423101	0.01376851	0.01333756	0.01293520	0.01255880	0.01220603	0.01187482	0.01156334	0.01126995	0.01099316	0.01073167	0.01048428	0.01024992	0.01002763
34	0.30170957	0.25431197	0.21524547	0.18270260	0.15583499	0.13360681	0.11512288	0.09967792	0.08681150	0.07605892	0.06704184	0.05945211	0.05303863	0.04759661	0.04292364	0.03892501	0.03548771	0.03251901	0.02994282	0.02769658	0.02572877	0.02399679	0.02246539	0.02110528	0.01989205	0.01880530	0.01782794	0.01694556	0.01614599	0.01541892	0.01475559	0.01414848	0.01359116	0.01307811	0.01260453	0.01216627	0.01175561	0.01137352	0.01101752	0.01068514	0.01037421	0.01008279	0.00980920	0.00955190	0.00930954	0.00908090	0.00886490	0.00866054	0.00846695	0.00828332
35	0.27507602	0.22940665	0.19221244	0.16160563	0.13662143	0.11617691	0.09935688	0.08544663	0.07396885	0.06446266	0.05655751	0.04995529	0.04441600	0.03974617	0.03576032	0.03236731	0.02946389	0.02696623	0.02480619	0.02292827	0.02128713	0.01984559	0.01857311	0.01744447	0.01643879	0.01553873	0.01472980	0.01399985	0.01333867	0.01273762	0.01218937	0.01168768	0.01122718	0.01080330	0.01041205	0.01005000	0.00971075	0.00939512	0.00910103	0.00882646	0.00856961	0.00832889	0.00810289	0.00789035	0.00769015	0.00750128	0.00732285	0.00715404	0.00699412	0.00684244
36	0.24993733	0.20618698	0.17099003	0.14238454	0.11930226	0.10062307	0.08542006	0.07297637	0.06280598	0.05445718	0.04757142	0.04186381	0.03710776	0.03312278	0.02974044	0.02687483	0.02443277	0.02233936	0.02053428	0.01896882	0.01760349	0.01640619	0.01535068	0.01441546	0.01358280	0.01283804	0.01216899	0.01156549	0.01101898	0.01052226	0.01006925	0.00965474	0.00927429	0.00892411	0.00860090	0.00830181	0.00802157	0.00776084	0.00751791	0.00729110	0.00707893	0.00688008	0.00669339	0.00651782	0.00635245	0.00619643	0.00604904	0.00590959	0.00577749	0.00565219
37	0.22632586	0.18464982	0.15153981	0.12496808	0.10377725	0.08682069	0.07316836	0.06210854	0.05315418	0.04586763	0.03990593	0.03500003	0.03093852	0.02755498	0.02469782	0.02228756	0.02024103	0.01849202	0.01698770	0.01568573	0.01455208	0.01355922	0.01268482	0.01191066	0.01122181	0.01060594	0.01005286	0.00955407	0.00910247	0.00869206	0.00831779	0.00797534	0.00766106	0.00737178	0.00710478	0.00685772	0.00662622	0.00641084	0.00621017	0.00602282	0.00584755	0.00568329	0.00552908	0.00538405	0.00524744	0.00511856	0.00499681	0.00488162	0.00477250	0.00466899
38	0.20425502	0.16477326	0.13380616	0.10927055	0.08993524	0.07463827	0.06245504	0.05268600	0.04485012	0.03852803	0.03339536	0.02920083	0.02574942	0.02288939	0.02048553	0.01846542	0.01675563	0.01529820	0.01404730	0.01296646	0.01202656	0.01120422	0.01048054	0.00984017	0.00927060	0.00876153	0.00830446	0.00789232	0.00751919	0.00718013	0.00687094	0.00658805	0.00632843	0.00608946	0.00586891	0.00566482	0.00547359	0.00529568	0.00512991	0.00497515	0.00483037	0.00469468	0.00456729	0.00444749	0.00433465	0.00422819	0.00412761	0.00403246	0.00394232	0.00385682
39	0.18372098	0.14651904	0.11771931	0.09519525	0.07765787	0.06394112	0.05313422	0.04455629	0.03773858	0.03228350	0.02788753	0.02431853	0.02139850	0.01899054	0.01697507	0.01528705	0.01386224	0.01265038	0.01161202	0.01071602	0.00993763	0.00925711	0.00865856	0.00812913	0.00765837	0.00723769	0.00686003	0.00651952	0.00621127	0.00593117	0.00567575	0.00544207	0.00522760	0.00503020	0.00484801	0.00467942	0.00452146	0.00437449	0.00423756	0.00410972	0.00399013	0.00387804	0.00377281	0.00367385	0.00358063	0.00349270	0.00340961	0.00333102	0.00325656	0.00318593
40	0.16470436	0.12983496	0.10319827	0.08263775	0.06682293	0.05459465	0.04506385	0.03757415	0.03167445	0.02699163	0.02324462	0.02022113	0.01776036	0.01574003	0.01405522	0.01264824	0.01146338	0.01045742	0.00959667	0.00885468	0.00821059	0.00764777	0.00715294	0.00671538	0.00632637	0.00597879	0.00566678	0.00538548	0.00513083	0.00489945	0.00468846	0.00449542	0.00431826	0.00415520	0.00400470	0.00386544	0.00373495	0.00361355	0.00350044	0.00339483	0.00329604	0.00320346	0.00311653	0.00303478	0.00295778	0.00288514	0.00281651	0.00275158	0.00269008	0.00263174
41	0.14717220	0.11465732	0.09015362	0.07148884	0.05730719	0.04646696	0.03810796	0.03160331	0.02652396	0.02252319	0.01934327	0.01679197	0.01472540	0.01303535	0.01163048	0.01046019	0.00947653	0.00864259	0.00792980	0.00731583	0.00678317	0.00631790	0.00590894	0.00554738	0.00522597	0.00493882	0.00468106	0.00444868	0.00423833	0.00404719	0.00387290	0.00371344	0.00356710	0.00343240	0.00330808	0.00319305	0.00308526	0.00298497	0.00289154	0.00280430	0.00272270	0.00264622	0.00257441	0.00250688	0.00244328	0.00238327	0.00232658	0.00227295	0.00222214	0.00217395
42	0.13107985	0.10091332	0.07849011	0.06163714	0.04898895	0.03943104	0.03213837	0.02651771	0.02216539	0.01876230	0.01607430	0.01392896	0.01219867	0.01078850	0.00961950	0.00864771	0.00783216	0.00714154	0.00655172	0.00604397	0.00560363	0.00521912	0.00488120	0.00458247	0.00431695	0.00407973	0.00386680	0.00367484	0.00350108	0.00334319	0.00319921	0.00306749	0.00294660	0.00283533	0.00273264	0.00263762	0.00254858	0.00246574	0.00238855	0.00231649	0.00224908	0.00218591	0.00212659	0.00207081	0.00201827	0.00196870	0.00192187	0.00187757	0.00183560	0.00179579
43	0.11637289	0.08852324	0.06810907	0.05297140	0.04175003	0.03336639	0.02703591	0.02220214	0.01848923	0.01560609	0.01334198	0.01154354	0.01009857	0.00892445	0.00795338	0.00714749	0.00647201	0.00590051	0.00541272	0.00499299	0.00462907	0.00431135	0.00403217	0.00378538	0.00356603	0.00337006	0.00319417	0.00303560	0.00289206	0.00276164	0.00264271	0.00253390	0.00243404	0.00234213	0.00225730	0.00217880	0.00210525	0.00203682	0.00197307	0.00191354	0.00185786	0.00180567	0.00175667	0.00171059	0.00166719	0.00162625	0.00158756	0.00155096	0.00151630	0.00148341
44	0.10298900	0.07740258	0.05891045	0.04538245	0.03547737	0.02816022	0.02269108	0.01855250	0.01539793	0.01296418	0.01106313	0.00955953	0.00835548	0.00737962	0.00657407	0.00590647	0.00534744	0.00487477	0.00447152	0.00412463	0.00382394	0.00356144	0.00333079	0.00312692	0.00294572	0.00278384	0.00263855	0.00250756	0.00238899	0.00228125	0.00218301	0.00209313	0.00201064	0.00193472	0.00186464	0.00179980	0.00173904	0.00168252	0.00162985	0.00158068	0.00153468	0.00149157	0.00145110	0.00141304	0.00137718	0.00134336	0.00131141	0.00128117	0.00125254	0.00122537
45	0.09085978	0.06746396	0.05079471	0.03876473	0.03006422	0.02370815	0.01900436	0.01547566	0.01280545	0.01075775	0.00916598	0.00791176	0.00691032	0.00610042	0.00543291	0.00488030	0.00441791	0.00402714	0.00369387	0.00340724	0.00315880	0.00294194	0.00275141	0.00258300	0.00243331	0.00229960	0.00217957	0.00207137	0.00197342	0.00188443	0.00180327	0.00172903	0.00166089	0.00159817	0.00154029	0.00148672	0.00143654	0.00138984	0.00134634	0.00130572	0.00126772	0.00123211	0.00119868	0.00116724	0.00113762	0.00110968	0.00108329	0.00105831	0.00103466	0.00101222
46	0.07991241	0.05861883	0.04366432	0.03301754	0.02541102	0.01991471	0.01588623	0.01288906	0.01063651	0.00891863	0.00758905	0.00654491	0.00571326	0.00504186	0.00448920	0.00403206	0.00364975	0.00332679	0.00305140	0.00281459	0.00260935	0.00243020	0.00227281	0.00213369	0.00201004	0.00189958	0.00180044	0.00171106	0.00163015	0.00155663	0.00148960	0.00142826	0.00137198	0.00132017	0.00127235	0.00122811	0.00118665	0.00114808	0.00111214	0.00107859	0.00104720	0.00101779	0.00099017	0.00096420	0.00093973	0.00091665	0.00089485	0.00087422	0.00085468	0.00083614
47	0.07007121	0.05077895	0.03742504	0.02804598	0.02142585	0.01669336	0.01325688	0.01072016	0.00882576	0.00738828	0.00628002	0.00541218	0.00472239	0.00416632	0.00370905	0.00333105	0.00301506	0.00274818	0.00252065	0.00232501	0.00215546	0.00200747	0.00187745	0.00176253	0.00166039	0.00156915	0.00148725	0.00141342	0.00134658	0.00128586	0.00123048	0.00117982	0.00113332	0.00109053	0.00105103	0.00101448	0.00098023	0.00094837	0.00091869	0.00089097	0.00086504	0.00084074	0.00081793	0.00079647	0.00077627	0.00075720	0.00073919	0.00072215	0.00070601	0.00069070
48	0.06125907	0.04385768	0.03198693	0.02376153	0.01802476	0.01396643	0.01104572	0.00890565	0.00731682	0.00611668	0.00519454	0.00447422	0.00390266	0.00344243	0.00306426	0.00275180	0.00249067	0.00227017	0.00208220	0.00192058	0.00178052	0.00165827	0.00155087	0.00145594	0.00137157	0.00129620	0.00122854	0.00116755	0.00111235	0.00106218	0.00101644	0.00097459	0.00093618	0.00090083	0.00086820	0.00083801	0.00080972	0.00078340	0.00075888	0.00073599	0.00071457	0.00069450	0.00067565	0.00065793	0.00064123	0.00062549	0.00061061	0.00059653	0.00058320	0.00057055
49	0.05339867	0.03777102	0.02726505	0.02008250	0.01513168	0.01166475	0.00919086	0.00739070	0.00606139	0.00506135	0.00429522	0.00369800	0.00322478	0.00284409	0.00253145	0.00227322	0.00205746	0.00187529	0.00172001	0.00158650	0.00147080	0.00136982	0.00128110	0.00120268	0.00113298	0.00107072	0.00101484	0.00096446	0.00091885	0.00087741	0.00083963	0.00080506	0.00077333	0.00074413	0.00071718	0.00069224	0.00066887	0.00064713	0.00062687	0.00060796	0.00059027	0.00057369	0.00055812	0.00054348	0.00052969	0.00051668	0.00050439	0.00049276	0.00048175	0.00047130
50	0.04641355	0.03243846	0.02318004	0.01693414	0.01267834	0.00972720	0.00763834	0.00612810	0.00501831	0.00418639	0.00355067	0.00305595	0.00266439	0.00234961	0.00209122	0.00187784	0.00169959	0.00154909	0.00142082	0.00131053	0.00121496	0.00113154	0.00105825	0.00099347	0.00093590	0.00088447	0.00083831	0.00079669	0.00075902	0.00072479	0.00069358	0.00066502	0.00063881	0.00061469	0.00059242	0.00057182	0.00055252	0.00053456	0.00051783	0.00050221	0.00048759	0.00047390	0.00046104	0.00044894	0.00043755	0.00042681	0.00041665	0.00040705	0.00039795	0.00038932
51	0.04022908	0.02778366	0.01965840	0.01424864	0.01060387	0.00810017	0.00634148	0.00507746	0.00415266	0.00346157	0.00293459	0.00252507	0.00220123	0.00194103	0.00172751	0.00155122	0.00140396	0.00127963	0.00117367	0.00108256	0.00100361	0.00093471	0.00087417	0.00082066	0.00077310	0.00073062	0.00069248	0.00065811	0.00062699	0.00059871	0.00057293	0.00054934	0.00052769	0.00050776	0.00048937	0.00047235	0.00045641	0.00044157	0.00042775	0.00041485	0.00040278	0.00039146	0.00038084	0.00037085	0.00036144	0.00035256	0.00034418	0.00033624	0.00032873	0.00032160
52	0.03477317	0.02373487	0.01663265	0.01196499	0.00885447	0.00673693	0.00526008	0.00420435	0.00343494	0.00286152	0.00242504	0.00208624	0.00181850	0.00160346	0.00142703	0.00128139	0.00115974	0.00105704	0.00096951	0.00089425	0.00082904	0.00077211	0.00072211	0.00067791	0.00063862	0.00060353	0.00057203	0.00054363	0.00051792	0.00049457	0.00047327	0.00045378	0.00043590	0.00041944	0.00040425	0.00039019	0.00037702	0.00036476	0.00035334	0.00034268	0.00033271	0.00032337	0.00031459	0.00030634	0.00029857	0.00029123	0.00028431	0.00027775	0.00027154	0.00026566
53	0.02997690	0.02022528	0.01404133	0.01002865	0.00738283	0.00559701	0.00435974	0.00347960	0.00284035	0.00236503	0.00200375	0.00172356	0.00150226	0.00132457	0.00117882	0.00105850	0.00095801	0.00087317	0.00080086	0.00073870	0.00068482	0.00063781	0.00059650	0.00055998	0.00052753	0.00049854	0.00047252	0.00044906	0.00042783	0.00040854	0.00039094	0.00037485	0.00036007	0.00034648	0.00033393	0.00032232	0.00031143	0.00030131	0.00029188	0.00028307	0.00027484	0.00026712	0.00025987	0.00025305	0.00024663	0.00024057	0.00023485	0.00022944	0.00022431	0.00021944
54	0.02577495	0.01719317	0.01182888	0.00839124	0.00614766	0.00464554	0.00361117	0.00287859	0.00234809	0.00195439	0.00165551	0.00142387	0.00124099	0.00109418	0.00097377	0.00087438	0.00079136	0.00072128	0.00066155	0.00061020	0.00056570	0.00052686	0.00049274	0.00046257	0.00043577	0.00041182	0.00039033	0.00037095	0.00035341	0.00033747	0.00032294	0.00030964	0.00029744	0.00028621	0.00027584	0.00026625	0.00025726	0.00024890	0.00024111	0.00023383	0.00022703	0.00022065	0.00021466	0.00020903	0.00020373	0.00019873	0.00019400	0.00018953	0.00018529	0.00018127
55	0.02210598	0.01458195	0.00994541	0.00701012	0.00511311	0.00385263	0.00298950	0.00238058	0.00194076	0.00161487	0.00136771	0.00117626	0.00102515	0.00090386	0.00080438	0.00072228	0.00065371	0.00059582	0.00054648	0.00050406	0.00046730	0.00043521	0.00040702	0.00038211	0.00035997	0.00034018	0.00032243	0.00030642	0.00029193	0.00027877	0.00026676	0.00025578	0.00024570	0.00023642	0.00022786	0.00021993	0.00021251	0.00020560	0.00019917	0.00019316	0.00018754	0.00018227	0.00017732	0.00017267	0.00016829	0.00016416	0.00016025	0.00015656	0.00015306	0.00014974
56	0.01891280	0.01234013	0.00834645	0.00584791	0.00424821	0.00319279	0.00247373	0.00196820	0.00160384	0.00133423	0.00112989	0.00097168	0.00084684	0.00074664	0.00066446	0.00059664	0.00053999	0.00049217	0.00045142	0.00041638	0.00038601	0.00035951	0.00033622	0.00031564	0.00029735	0.00028101	0.00026634	0.00025312	0.00024115	0.00023028	0.00022036	0.00021129	0.00020296	0.00019530	0.00018822	0.00018168	0.00017554	0.00016984	0.00016452	0.00015956	0.00015492	0.00015056	0.00014648	0.00014264	0.00013902	0.00013560	0.00013238	0.00012933	0.00012643	0.00012369
57	0.01614249	0.01042112	0.00699255	0.00487202	0.00352637	0.00264436	0.00204619	0.00162690	0.00132526	0.00110229	0.00093340	0.00080268	0.00069954	0.00061676	0.00054888	0.00049285	0.00044606	0.00040656	0.00037289	0.00034395	0.00031886	0.00029697	0.00027774	0.00026074	0.00024563	0.00023213	0.00022001	0.00020909	0.00019920	0.00019022	0.00018203	0.00017453	0.00016765	0.00016132	0.00015548	0.00015007	0.00014501	0.00014029	0.00013590	0.00013180	0.00012797	0.00012437	0.00012100	0.00011782	0.00011483	0.00011201	0.00010935	0.00010683	0.00010444	0.00010218
58	0.01374642	0.00878309	0.00584897	0.00405422	0.00292482	0.00218902	0.00169204	0.00134457	0.00109498	0.00091063	0.00077107	0.00066306	0.00057785	0.00050948	0.00045340	0.00040712	0.00036847	0.00033584	0.00030803	0.00028412	0.00026340	0.00024531	0.00022942	0.00021538	0.00020290	0.00019175	0.00018174	0.00017272	0.00016455	0.00015713	0.00015036	0.00014417	0.00013849	0.00013326	0.00012844	0.00012397	0.00011978	0.00011589	0.00011226	0.00010888	0.00010571	0.00010274	0.00009995	0.00009733	0.00009486	0.00009253	0.00009033	0.00008825	0.00008627	0.00008440
59	0.01168019	0.00738867	0.00488526	0.00337015	0.00242421	0.00181132	0.00139884	0.00111109	0.00090465	0.00075228	0.00063696	0.00054773	0.00047734	0.00042085	0.00037453	0.00033630	0.00030437	0.00027742	0.00025445	0.00023470	0.00021758	0.00020264	0.00018952	0.00017792	0.00016760	0.00015839	0.00015013	0.00014267	0.00013593	0.00012980	0.00012421	0.00011909	0.00011440	0.00011008	0.00010609	0.00010240	0.00009895	0.00009573	0.00009273	0.00008994	0.00008732	0.00008487	0.00008256	0.00008040	0.00007836	0.00007643	0.00007462	0.00007290	0.00007127	0.00006972
60	0.00990352	0.00620469	0.00407486	0.00279888	0.00200808	0.00149825	0.00115622	0.00091806	0.00074736	0.00062144	0.00052617	0.00045245	0.00039431	0.00034765	0.00030938	0.00027780	0.00025143	0.00022916	0.00021019	0.00019387	0.00017973	0.00016739	0.00015655	0.00014697	0.00013845	0.00013084	0.00012401	0.00011786	0.00011228	0.00010722	0.00010260	0.00009838	0.00009450	0.00009093	0.00008764	0.00008459	0.00008174	0.00007908	0.00007660	0.00007429	0.00007213	0.00007010	0.00006820	0.00006641	0.00006473	0.00006314	0.00006164	0.00006022	0.00005887	0.00005759
61	0.00838006	0.00520183	0.00339473	0.00232253	0.00166253	0.00123894	0.00095554	0.00075851	0.00061741	0.00051336	0.00043464	0.00037375	0.00032572	0.00028717	0.00025557	0.00022948	0.00020769	0.00018930	0.00017362	0.00016015	0.00014847	0.00013827	0.00012932	0.00012140	0.00011437	0.00010808	0.00010244	0.00009736	0.00009275	0.00008857	0.00008475	0.00008126	0.00007806	0.00007511	0.00007239	0.00006988	0.00006752	0.00006532	0.00006328	0.00006137	0.00005958	0.00005791	0.00005634	0.00005486	0.00005347	0.00005216	0.00005091	0.00004974	0.00004863	0.00004757
62	0.00707721	0.00435434	0.00282499	0.00192585	0.00137586	0.00102427	0.00078960	0.00062665	0.00051004	0.00042407	0.00035904	0.00030874	0.00026906	0.00023722	0.00021111	0.00018956	0.00017156	0.00015637	0.00014342	0.00013229	0.00012264	0.00011422	0.00010682	0.00010028	0.00009447	0.00008928	0.00008462	0.00008042	0.00007662	0.00007316	0.00007001	0.00006713	0.00006448	0.00006205	0.00005980	0.00005772	0.00005577	0.00005396	0.00005227	0.00005069	0.00004922	0.00004784	0.00004654	0.00004532	0.00004417	0.00004308	0.00004206	0.00004109	0.00004017	0.00003930
63	0.00596588	0.00363971	0.00234852	0.00159592	0.00113820	0.00084664	0.00065242	0.00051770	0.00042133	0.00035031	0.00029659	0.00025503	0.00022226	0.00019596	0.00017439	0.00015659	0.00014172	0.00012917	0.00011847	0.00010928	0.00010131	0.00009435	0.00008824	0.00008284	0.00007804	0.00007375	0.00006990	0.00006643	0.00006329	0.00006044	0.00005783	0.00005545	0.00005327	0.00005126	0.00004940	0.00004768	0.00004607	0.00004457	0.00004318	0.00004188	0.00004066	0.00003952	0.00003844	0.00003743	0.00003648	0.00003559	0.00003474	0.00003394	0.00003318	0.00003246
64	0.00502025	0.00303834	0.00195066	0.00132179	0.00094132	0.00069971	0.00053903	0.00042767	0.00034805	0.00028937	0.00024500	0.00021067	0.00018359	0.00016187	0.00014405	0.00012935	0.00011707	0.00010670	0.00009787	0.00009027	0.00008369	0.00007794	0.00007289	0.00006843	0.00006446	0.00006092	0.00005774	0.00005488	0.00005228	0.00004992	0.00004777	0.00004581	0.00004400	0.00004234	0.00004081	0.00003939	0.00003806	0.00003682	0.00003567	0.00003459	0.00003358	0.00003264	0.00003176	0.00003092	0.00003014	0.00002940	0.00002870	0.00002804	0.00002741	0.00002682
65	0.00421751	0.00253324	0.00161891	0.00109424	0.00077830	0.00057820	0.00044533	0.00035330	0.00028751	0.00023904	0.00020238	0.00017402	0.00015166	0.00013371	0.00011900	0.00010685	0.00009670	0.00008814	0.00008084	0.00007457	0.00006913	0.00006438	0.00006021	0.00005653	0.00005325	0.00005032	0.00004770	0.00004533	0.00004319	0.00004124	0.00003946	0.00003784	0.00003635	0.00003497	0.00003371	0.00003254	0.00003144	0.00003042	0.00002946	0.00002857	0.00002774	0.00002696	0.00002623	0.00002554	0.00002490	0.00002428	0.00002371	0.00002316	0.00002264	0.00002215
66	0.00353759	0.00210976	0.00134264	0.00090550	0.00064338	0.00047776	0.00036790	0.00029185	0.00023750	0.00019746	0.00016717	0.00014375	0.00012528	0.00011045	0.00009830	0.00008826	0.00007988	0.00007281	0.00006678	0.00006160	0.00005710	0.00005318	0.00004974	0.00004669	0.00004399	0.00004157	0.00003940	0.00003744	0.00003567	0.00003407	0.00003260	0.00003126	0.00003002	0.00002889	0.00002784	0.00002688	0.00002597	0.00002512	0.00002434	0.00002360	0.00002292	0.00002227	0.00002167	0.00002110	0.00002057	0.00002006	0.00001958	0.00001913	0.00001870	0.00001830
67	0.00296293	0.00175528	0.00111282	0.00074907	0.00053176	0.00039473	0.00030392	0.00024109	0.00019619	0.00016311	0.00013809	0.00011875	0.00010349	0.00009124	0.00008120	0.00007291	0.00006599	0.00006014	0.00005516	0.00005088	0.00004717	0.00004393	0.00004109	0.00003857	0.00003634	0.00003434	0.00003255	0.00003093	0.00002947	0.00002814	0.00002693	0.00002582	0.00002480	0.00002387	0.00002300	0.00002220	0.00002145	0.00002075	0.00002010	0.00001950	0.00001893	0.00001840	0.00001790	0.00001743	0.00001699	0.00001657	0.00001618	0.00001580	0.00001545	0.00001512
68	0.00247821	0.00145902	0.00092184	0.00061948	0.00043945	0.00032612	0.00025107	0.00019915	0.00016206	0.00013474	0.00011407	0.00009809	0.00008548	0.00007537	0.00006707	0.00006023	0.00005451	0.00004968	0.00004557	0.00004203	0.00003896	0.00003629	0.00003394	0.00003186	0.00003002	0.00002837	0.00002689	0.00002555	0.00002434	0.00002324	0.00002224	0.00002133	0.00002049	0.00001971	0.00001900	0.00001834	0.00001772	0.00001714	0.00001661	0.00001611	0.00001564	0.00001520	0.00001479	0.00001440	0.00001403	0.00001369	0.00001336	0.00001305	0.00001276	0.00001249
69	0.00207013	0.00121175	0.00076328	0.00051220	0.00036313	0.00026942	0.00020740	0.00016451	0.00013387	0.00011130	0.00009423	0.00008103	0.00007061	0.00006226	0.00005541	0.00004975	0.00004503	0.00004104	0.00003764	0.00003472	0.00003219	0.00002998	0.00002804	0.00002632	0.00002479	0.00002343	0.00002221	0.00002111	0.00002011	0.00001920	0.00001837	0.00001762	0.00001692	0.00001628	0.00001569	0.00001515	0.00001464	0.00001416	0.00001372	0.00001330	0.00001292	0.00001255	0.00001221	0.00001189	0.00001159	0.00001131	0.00001104	0.00001078	0.00001054	0.00001031
70	0.00172720	0.00100564	0.00063174	0.00042341	0.00030004	0.00022257	0.00017133	0.00013590	0.00011058	0.00009194	0.00007784	0.00006693	0.00005833	0.00005143	0.00004577	0.00004110	0.00003719	0.00003390	0.00003109	0.00002868	0.00002659	0.00002476	0.00002316	0.00002174	0.00002048	0.00001936	0.00001835	0.00001743	0.00001661	0.00001586	0.00001518	0.00001455	0.00001398	0.00001345	0.00001296	0.00001251	0.00001209	0.00001170	0.00001133	0.00001099	0.00001067	0.00001037	0.00001009	0.00000982	0.00000958	0.00000934	0.00000912	0.00000891	0.00000871	0.00000852
71	0.00143949	0.00083404	0.00052268	0.00034996	0.00024790	0.00018387	0.00014153	0.00011226	0.00009135	0.00007595	0.00006430	0.00005529	0.00004818	0.00004248	0.00003781	0.00003395	0.00003072	0.00002800	0.00002568	0.00002369	0.00002196	0.00002046	0.00001913	0.00001796	0.00001692	0.00001599	0.00001515	0.00001440	0.00001372	0.00001310	0.00001254	0.00001202	0.00001155	0.00001111	0.00001071	0.00001034	0.00000999	0.00000966	0.00000936	0.00000908	0.00000881	0.00000857	0.00000833	0.00000812	0.00000791	0.00000772	0.00000753	0.00000736	0.00000719	0.00000704
72	0.00119849	0.00069131	0.00043233	0.00028922	0.00020480	0.00015189	0.00011691	0.00009273	0.00007546	0.00006274	0.00005311	0.00004567	0.00003980	0.00003509	0.00003123	0.00002804	0.00002538	0.00002313	0.00002122	0.00001957	0.00001814	0.00001690	0.00001580	0.00001484	0.00001398	0.00001321	0.00001252	0.00001190	0.00001133	0.00001082	0.00001036	0.00000993	0.00000954	0.00000918	0.00000885	0.00000854	0.00000825	0.00000798	0.00000773	0.00000750	0.00000728	0.00000708	0.00000688	0.00000670	0.00000653	0.00000637	0.00000622	0.00000608	0.00000594	0.00000581
73	0.00099692	0.00057271	0.00035751	0.00023899	0.00016919	0.00012547	0.00009657	0.00007660	0.00006233	0.00005182	0.00004387	0.00003773	0.00003288	0.00002899	0.00002580	0.00002316	0.00002097	0.00001911	0.00001753	0.00001617	0.00001499	0.00001396	0.00001305	0.00001225	0.00001154	0.00001091	0.00001034	0.00000983	0.00000936	0.00000894	0.00000856	0.00000820	0.00000788	0.00000758	0.00000731	0.00000705	0.00000682	0.00000659	0.00000639	0.00000619	0.00000601	0.00000585	0.00000569	0.00000554	0.00000540	0.00000526	0.00000514	0.00000502	0.00000491	0.00000480
74	0.00082855	0.00047424	0.00029557	0.00019747	0.00013977	0.00010365	0.00007978	0.00006328	0.00005149	0.00004281	0.00003624	0.00003116	0.00002716	0.00002395	0.00002131	0.00001913	0.00001732	0.00001578	0.00001448	0.00001335	0.00001238	0.00001153	0.00001078	0.00001012	0.00000954	0.00000901	0.00000854	0.00000812	0.00000773	0.00000739	0.00000707	0.00000678	0.00000651	0.00000626	0.00000604	0.00000583	0.00000563	0.00000545	0.00000528	0.00000512	0.00000497	0.00000483	0.00000470	0.00000457	0.00000446	0.00000435	0.00000425	0.00000415	0.00000405	0.00000397
75	0.00068808	0.00039255	0.00024432	0.00016315	0.00011547	0.00008562	0.00006590	0.00005227	0.00004253	0.00003536	0.00002994	0.00002574	0.00002244	0.00001978	0.00001760	0.00001581	0.00001431	0.00001304	0.00001196	0.00001103	0.00001023	0.00000952	0.00000891	0.00000836	0.00000788	0.00000744	0.00000706	0.00000671	0.00000639	0.00000610	0.00000584	0.00000560	0.00000538	0.00000517	0.00000499	0.00000481	0.00000465	0.00000450	0.00000436	0.00000423	0.00000410	0.00000399	0.00000388	0.00000378	0.00000368	0.00000359	0.00000351	0.00000343	0.00000335	0.00000328
76	0.00057104	0.00032482	0.00020193	0.00013479	0.00009538	0.00007073	0.00005444	0.00004318	0.00003513	0.00002921	0.00002473	0.00002127	0.00001853	0.00001634	0.00001454	0.00001306	0.00001182	0.00001077	0.00000988	0.00000911	0.00000845	0.00000787	0.00000736	0.00000691	0.00000651	0.00000615	0.00000583	0.00000554	0.00000528	0.00000504	0.00000482	0.00000462	0.00000444	0.00000427	0.00000412	0.00000398	0.00000384	0.00000372	0.00000360	0.00000349	0.00000339	0.00000329	0.00000321	0.00000312	0.00000304	0.00000297	0.00000290	0.00000283	0.00000277	0.00000271
77	0.00047361	0.00026870	0.00016688	0.00011136	0.00007879	0.00005842	0.00004497	0.00003567	0.00002902	0.00002413	0.00002043	0.00001757	0.00001531	0.00001350	0.00001201	0.00001079	0.00000976	0.00000890	0.00000816	0.00000753	0.00000698	0.00000650	0.00000608	0.00000571	0.00000538	0.00000508	0.00000481	0.00000458	0.00000436	0.00000416	0.00000398	0.00000382	0.00000367	0.00000353	0.00000340	0.00000328	0.00000317	0.00000307	0.00000297	0.00000288	0.00000280	0.00000272	0.00000265	0.00000258	0.00000251	0.00000245	0.00000239	0.00000234	0.00000229	0.00000224
78	0.00039259	0.00022221	0.00013790	0.00009200	0.00006509	0.00004826	0.00003714	0.00002946	0.00002397	0.00001993	0.00001688	0.00001451	0.00001265	0.00001115	0.00000992	0.00000891	0.00000806	0.00000735	0.00000674	0.00000622	0.00000576	0.00000537	0.00000502	0.00000471	0.00000444	0.00000420	0.00000398	0.00000378	0.00000360	0.00000344	0.00000329	0.00000316	0.00000303	0.00000292	0.00000281	0.00000271	0.00000262	0.00000254	0.00000246	0.00000238	0.00000231	0.00000225	0.00000219	0.00000213	0.00000208	0.00000202	0.00000198	0.00000193	0.00000189	0.00000185
79	0.00032526	0.00018373	0.00011394	0.00007600	0.00005377	0.00003987	0.00003068	0.00002434	0.00001980	0.00001646	0.00001394	0.00001199	0.00001045	0.00000921	0.00000820	0.00000736	0.00000666	0.00000607	0.00000557	0.00000514	0.00000476	0.00000443	0.00000415	0.00000389	0.00000367	0.00000347	0.00000329	0.00000312	0.00000297	0.00000284	0.00000272	0.00000261	0.00000250	0.00000241	0.00000232	0.00000224	0.00000217	0.00000209	0.00000203	0.00000197	0.00000191	0.00000186	0.00000181	0.00000176	0.00000171	0.00000167	0.00000163	0.00000160	0.00000156	0.00000153
80	0.00026937	0.00015189	0.00009414	0.00006278	0.00004442	0.00003293	0.00002535	0.00002010	0.00001636	0.00001360	0.00001151	0.00000990	0.00000863	0.00000761	0.00000677	0.00000608	0.00000550	0.00000501	0.00000460	0.00000424	0.00000393	0.00000366	0.00000343	0.00000322	0.00000303	0.00000286	0.00000271	0.00000258	0.00000246	0.00000235	0.00000225	0.00000215	0.00000207	0.00000199	0.00000192	0.00000185	0.00000179	0.00000173	0.00000168	0.00000163	0.00000158	0.00000153	0.00000149	0.00000145	0.00000142	0.00000138	0.00000135	0.00000132	0.00000129	0.00000126
81	0.00022299	0.00012555	0.00007778	0.00005186	0.00003669	0.00002720	0.00002094	0.00001661	0.00001351	0.00001123	0.00000951	0.00000818	0.00000713	0.00000628	0.00000559	0.00000502	0.00000455	0.00000414	0.00000380	0.00000350	0.00000325	0.00000303	0.00000283	0.00000266	0.00000250	0.00000237	0.00000224	0.00000213	0.00000203	0.00000194	0.00000185	0.00000178	0.00000171	0.00000164	0.00000158	0.00000153	0.00000148	0.00000143	0.00000138	0.00000134	0.00000130	0.00000127	0.00000123	0.00000120	0.00000117	0.00000114	0.00000111	0.00000109	0.00000106	0.00000104
82	0.00018454	0.00010376	0.00006425	0.00004284	0.00003031	0.00002247	0.00001730	0.00001372	0.00001116	0.00000928	0.00000786	0.00000676	0.00000589	0.00000519	0.00000462	0.00000415	0.00000375	0.00000342	0.00000314	0.00000290	0.00000268	0.00000250	0.00000234	0.00000219	0.00000207	0.00000195	0.00000185	0.00000176	0.00000168	0.00000160	0.00000153	0.00000147	0.00000141	0.00000136	0.00000131	0.00000126	0.00000122	0.00000118	0.00000114	0.00000111	0.00000108	0.00000105	0.00000102	0.00000099	0.00000097	0.00000094	0.00000092	0.00000090	0.00000088	0.00000086
83	0.00015267	0.00008575	0.00005308	0.00003539	0.00002504	0.00001856	0.00001429	0.00001133	0.00000922	0.00000767	0.00000649	0.00000558	0.00000486	0.00000429	0.00000382	0.00000343	0.00000310	0.00000283	0.00000259	0.00000239	0.00000222	0.00000206	0.00000193	0.00000181	0.00000171	0.00000161	0.00000153	0.00000145	0.00000139	0.00000132	0.00000127	0.00000121	0.00000117	0.00000112	0.00000108	0.00000104	0.00000101	0.00000098	0.00000094	0.00000092	0.00000089	0.00000086	0.00000084	0.00000082	0.00000080	0.00000078	0.00000076	0.00000074	0.00000073	0.00000071
84	0.00012628	0.00007085	0.00004385	0.00002923	0.00002068	0.00001533	0.00001180	0.00000936	0.00000762	0.00000633	0.00000536	0.00000461	0.00000402	0.00000354	0.00000315	0.00000283	0.00000256	0.00000234	0.00000214	0.00000198	0.00000183	0.00000171	0.00000160	0.00000150	0.00000141	0.00000133	0.00000126	0.00000120	0.00000114	0.00000109	0.00000105	0.00000100	0.00000096	0.00000093	0.00000089	0.00000086	0.00000083	0.00000081	0.00000078	0.00000076	0.00000073	0.00000071	0.00000069	0.00000068	0.00000066	0.00000064	0.00000063	0.00000061	0.00000060	0.00000059
85	0.00010442	0.00005854	0.00003623	0.00002415	0.00001708	0.00001267	0.00000975	0.00000773	0.00000629	0.00000523	0.00000443	0.00000381	0.00000332	0.00000293	0.00000260	0.00000234	0.00000212	0.00000193	0.00000177	0.00000163	0.00000151	0.00000141	0.00000132	0.00000124	0.00000117	0.00000110	0.00000104	0.00000099	0.00000095	0.00000090	0.00000086	0.00000083	0.00000080	0.00000077	0.00000074	0.00000071	0.00000069	0.00000067	0.00000064	0.00000063	0.00000061	0.00000059	0.00000057	0.00000056	0.00000054	0.00000053	0.00000052	0.00000051	0.00000050	0.00000048
86	0.00008633	0.00004837	0.00002992	0.00001995	0.00001411	0.00001046	0.00000805	0.00000639	0.00000520	0.00000432	0.00000366	0.00000315	0.00000274	0.00000242	0.00000215	0.00000193	0.00000175	0.00000159	0.00000146	0.00000135	0.00000125	0.00000116	0.00000109	0.00000102	0.00000096	0.00000091	0.00000086	0.00000082	0.00000078	0.00000075	0.00000071	0.00000068	0.00000066	0.00000063	0.00000061	0.00000059	0.00000057	0.00000055	0.00000053	0.00000052	0.00000050	0.00000049	0.00000047	0.00000046	0.00000045	0.00000044	0.00000043	0.00000042	0.00000041	0.00000040
87	0.00007137	0.00003996	0.00002472	0.00001648	0.00001166	0.00000864	0.00000665	0.00000528	0.00000429	0.00000357	0.00000302	0.00000260	0.00000226	0.00000200	0.00000178	0.00000160	0.00000144	0.00000132	0.00000121	0.00000111	0.00000103	0.00000096	0.00000090	0.00000084	0.00000080	0.00000075	0.00000071	0.00000068	0.00000064	0.00000062	0.00000059	0.00000057	0.00000054	0.00000052	0.00000050	0.00000049	0.00000047	0.00000045	0.00000044	0.00000043	0.00000041	0.00000040	0.00000039	0.00000038	0.00000037	0.00000036	0.00000035	0.00000035	0.00000034	0.00000033
88	0.00005899	0.00003301	0.00002042	0.00001361	0.00000963	0.00000714	0.00000549	0.00000436	0.00000355	0.00000295	0.00000250	0.00000215	0.00000187	0.00000165	0.00000147	0.00000132	0.00000119	0.00000109	0.00000100	0.00000092	0.00000085	0.00000079	0.00000074	0.00000070	0.00000066	0.00000062	0.00000059	0.00000056	0.00000053	0.00000051	0.00000049	0.00000047	0.00000045	0.00000043	0.00000042	0.00000040	0.00000039	0.00000038	0.00000036	0.00000035	0.00000034	0.00000033	0.00000032	0.00000032	0.00000031	0.00000030	0.00000029	0.00000029	0.00000028	0.00000027
89	0.00004875	0.00002727	0.00001687	0.00001124	0.00000795	0.00000590	0.00000454	0.00000360	0.00000293	0.00000244	0.00000206	0.00000177	0.00000155	0.00000136	0.00000121	0.00000109	0.00000099	0.00000090	0.00000082	0.00000076	0.00000070	0.00000066	0.00000061	0.00000058	0.00000054	0.00000051	0.00000049	0.00000046	0.00000044	0.00000042	0.00000040	0.00000039	0.00000037	0.00000036	0.00000034	0.00000033	0.00000032	0.00000031	0.00000030	0.00000029	0.00000028	0.00000027	0.00000027	0.00000026	0.00000025	0.00000025	0.00000024	0.00000024	0.00000023	0.00000023
90	0.00004029	0.00002253	0.00001393	0.00000929	0.00000657	0.00000487	0.00000375	0.00000297	0.00000242	0.00000201	0.00000170	0.00000146	0.00000128	0.00000113	0.00000100	0.00000090	0.00000081	0.00000074	0.00000068	0.00000063	0.00000058	0.00000054	0.00000051	0.00000048	0.00000045	0.00000042	0.00000040	0.00000038	0.00000036	0.00000035	0.00000033	0.00000032	0.00000031	0.00000029	0.00000028	0.00000027	0.00000026	0.00000026	0.00000025	0.00000024	0.00000023	0.00000023	0.00000022	0.00000022	0.00000021	0.00000020	0.00000020	0.00000019	0.00000019	0.00000019
91	0.00003329	0.00001861	0.00001151	0.00000767	0.00000543	0.00000402	0.00000310	0.00000246	0.00000200	0.00000166	0.00000141	0.00000121	0.00000105	0.00000093	0.00000083	0.00000074	0.00000067	0.00000061	0.00000056	0.00000052	0.00000048	0.00000045	0.00000042	0.00000039	0.00000037	0.00000035	0.00000033	0.00000032	0.00000030	0.00000029	0.00000027	0.00000026	0.00000025	0.00000024	0.00000023	0.00000023	0.00000022	0.00000021	0.00000020	0.00000020	0.00000019	0.00000019	0.00000018	0.00000018	0.00000017	0.00000017	0.00000016	0.00000016	0.00000016	0.00000015
92	0.00002750	0.00001538	0.00000951	0.00000634	0.00000448	0.00000332	0.00000256	0.00000203	0.00000165	0.00000137	0.00000116	0.00000100	0.00000087	0.00000077	0.00000068	0.00000061	0.00000056	0.00000051	0.00000046	0.00000043	0.00000040	0.00000037	0.00000035	0.00000032	0.00000031	0.00000029	0.00000027	0.00000026	0.00000025	0.00000024	0.00000023	0.00000022	0.00000021	0.00000020	0.00000019	0.00000019	0.00000018	0.00000017	0.00000017	0.00000016	0.00000016	0.00000015	0.00000015	0.00000015	0.00000014	0.00000014	0.00000014	0.00000013	0.00000013	0.00000013
93	0.00002272	0.00001270	0.00000785	0.00000524	0.00000370	0.00000275	0.00000211	0.00000168	0.00000136	0.00000113	0.00000096	0.00000083	0.00000072	0.00000063	0.00000056	0.00000051	0.00000046	0.00000042	0.00000038	0.00000035	0.00000033	0.00000031	0.00000029	0.00000027	0.00000025	0.00000024	0.00000023	0.00000022	0.00000020	0.00000020	0.00000019	0.00000018	0.00000017	0.00000017	0.00000016	0.00000015	0.00000015	0.00000014	0.00000014	0.00000014	0.00000013	0.00000013	0.00000012	0.00000012	0.00000012	0.00000012	0.00000011	0.00000011	0.00000011	0.00000011
94	0.00001877	0.00001049	0.00000649	0.00000432	0.00000306	0.00000227	0.00000175	0.00000138	0.00000113	0.00000094	0.00000079	0.00000068	0.00000059	0.00000052	0.00000047	0.00000042	0.00000038	0.00000035	0.00000032	0.00000029	0.00000027	0.00000025	0.00000024	0.00000022	0.00000021	0.00000020	0.00000019	0.00000018	0.00000017	0.00000016	0.00000015	0.00000015	0.00000014	0.00000014	0.00000013	0.00000013	0.00000012	0.00000012	0.00000012	0.00000011	0.00000011	0.00000011	0.00000010	0.00000010	0.00000010	0.00000010	0.00000009	0.00000009	0.00000009	0.00000009
95	0.00001551	0.00000867	0.00000536	0.00000357	0.00000253	0.00000187	0.00000144	0.00000114	0.00000093	0.00000077	0.00000066	0.00000056	0.00000049	0.00000043	0.00000039	0.00000035	0.00000031	0.00000029	0.00000026	0.00000024	0.00000022	0.00000021	0.00000019	0.00000018	0.00000017	0.00000016	0.00000015	0.00000015	0.00000014	0.00000013	0.00000013	0.00000012	0.00000012	0.00000011	0.00000011	0.00000011	0.00000010	0.00000010	0.00000010	0.00000009	0.00000009	0.00000009	0.00000008	0.00000008	0.00000008	0.00000008	0.00000008	0.00000007	0.00000007	0.00000007
96	0.00001281	0.00000716	0.00000443	0.00000295	0.00000209	0.00000155	0.00000119	0.00000094	0.00000077	0.00000064	0.00000054	0.00000047	0.00000041	0.00000036	0.00000032	0.00000029	0.00000026	0.00000024	0.00000022	0.00000020	0.00000018	0.00000017	0.00000016	0.00000015	0.00000014	0.00000013	0.00000013	0.00000012	0.00000012	0.00000011	0.00000011	0.00000010	0.00000010	0.00000009	0.00000009	0.00000009	0.00000008	0.00000008	0.00000008	0.00000008	0.00000007	0.00000007	0.00000007	0.00000007	0.00000007	0.00000006	0.00000006	0.00000006	0.00000006	0.00000006
97	0.00001059	0.00000591	0.00000366	0.00000244	0.00000172	0.00000128	0.00000098	0.00000078	0.00000064	0.00000053	0.00000045	0.00000038	0.00000034	0.00000030	0.00000026	0.00000024	0.00000021	0.00000019	0.00000018	0.00000016	0.00000015	0.00000014	0.00000013	0.00000012	0.00000012	0.00000011	0.00000011	0.00000010	0.00000010	0.00000009	0.00000009	0.00000008	0.00000008	0.00000008	0.00000007	0.00000007	0.00000007	0.00000007	0.00000007	0.00000006	0.00000006	0.00000006	0.00000006	0.00000006	0.00000005	0.00000005	0.00000005	0.00000005	0.00000005	0.00000005
98	0.00000874	0.00000489	0.00000302	0.00000201	0.00000142	0.00000106	0.00000081	0.00000064	0.00000052	0.00000044	0.00000037	0.00000032	0.00000028	0.00000024	0.00000022	0.00000019	0.00000018	0.00000016	0.00000015	0.00000014	0.00000013	0.00000012	0.00000011	0.00000010	0.00000010	0.00000009	0.00000009	0.00000008	0.00000008	0.00000008	0.00000007	0.00000007	0.00000007	0.00000006	0.00000006	0.00000006	0.00000006	0.00000006	0.00000005	0.00000005	0.00000005	0.00000005	0.00000005	0.00000005	0.00000005	0.00000004	0.00000004	0.00000004	0.00000004	0.00000004
99	0.00000722	0.00000404	0.00000250	0.00000166	0.00000118	0.00000087	0.00000067	0.00000053	0.00000043	0.00000036	0.00000031	0.00000026	0.00000023	0.00000020	0.00000018	0.00000016	0.00000015	0.00000013	0.00000012	0.00000011	0.00000010	0.00000010	0.00000009	0.00000009	0.00000008	0.00000008	0.00000007	0.00000007	0.00000007	0.00000006	0.00000006	0.00000006	0.00000005	0.00000005	0.00000005	0.00000005	0.00000005	0.00000005	0.00000004	0.00000004	0.00000004	0.00000004	0.00000004	0.00000004	0.00000004	0.00000004	0.00000004	0.00000003	0.00000003	0.00000003
100	0.00000597	0.00000333	0.00000206	0.00000137	0.00000097	0.00000072	0.00000055	0.00000044	0.00000036	0.00000030	0.00000025	0.00000022	0.00000019	0.00000017	0.00000015	0.00000013	0.00000012	0.00000011	0.00000010	0.00000009	0.00000009	0.00000008	0.00000007	0.00000007	0.00000007	0.00000006	0.00000006	0.00000006	0.00000005	0.00000005	0.00000005	0.00000005	0.00000005	0.00000004	0.00000004	0.00000004	0.00000004	0.00000004	0.00000004	0.00000004	0.00000003	0.00000003	0.00000003	0.00000003	0.00000003	0.00000003	0.00000003	0.00000003	0.00000003	0.00000003
101	0.00000493	0.00000275	0.00000170	0.00000114	0.00000080	0.00000060	0.00000046	0.00000036	0.00000030	0.00000025	0.00000021	0.00000018	0.00000016	0.00000014	0.00000012	0.00000011	0.00000010	0.00000009	0.00000008	0.00000008	0.00000007	0.00000007	0.00000006	0.00000006	0.00000005	0.00000005	0.00000005	0.00000005	0.00000004	0.00000004	0.00000004	0.00000004	0.00000004	0.00000004	0.00000003	0.00000003	0.00000003	0.00000003	0.00000003	0.00000003	0.00000003	0.00000003	0.00000003	0.00000003	0.00000003	0.00000002	0.00000002	0.00000002	0.00000002	0.00000002
102	0.00000407	0.00000227	0.00000141	0.00000094	0.00000066	0.00000049	0.00000038	0.00000030	0.00000024	0.00000020	0.00000017	0.00000015	0.00000013	0.00000011	0.00000010	0.00000009	0.00000008	0.00000007	0.00000007	0.00000006	0.00000006	0.00000005	0.00000005	0.00000005	0.00000005	0.00000004	0.00000004	0.00000004	0.00000004	0.00000004	0.00000003	0.00000003	0.00000003	0.00000003	0.00000003	0.00000003	0.00000003	0.00000003	0.00000003	0.00000002	0.00000002	0.00000002	0.00000002	0.00000002	0.00000002	0.00000002	0.00000002	0.00000002	0.00000002	0.00000002
103	0.00000336	0.00000188	0.00000116	0.00000077	0.00000055	0.00000041	0.00000031	0.00000025	0.00000020	0.00000017	0.00000014	0.00000012	0.00000011	0.00000009	0.00000008	0.00000007	0.00000007	0.00000006	0.00000006	0.00000005	0.00000005	0.00000005	0.00000004	0.00000004	0.00000004	0.00000004	0.00000003	0.00000003	0.00000003	0.00000003	0.00000003	0.00000003	0.00000003	0.00000002	0.00000002	0.00000002	0.00000002	0.00000002	0.00000002	0.00000002	0.00000002	0.00000002	0.00000002	0.00000002	0.00000002	0.00000002	0.00000002	0.00000002	0.00000002	0.00000002
104	0.00000278	0.00000155	0.00000096	0.00000064	0.00000045	0.00000034	0.00000026	0.00000020	0.00000017	0.00000014	0.00000012	0.00000010	0.00000009	0.00000008	0.00000007	0.00000006	0.00000006	0.00000005	0.00000005	0.00000004	0.00000004	0.00000004	0.00000003	0.00000003	0.00000003	0.00000003	0.00000003	0.00000003	0.00000003	0.00000002	0.00000002	0.00000002	0.00000002	0.00000002	0.00000002	0.00000002	0.00000002	0.00000002	0.00000002	0.00000002	0.00000002	0.00000002	0.00000002	0.00000001	0.00000001	0.00000001	0.00000001	0.00000001	0.00000001	0.00000001
105	0.00000230	0.00000128	0.00000079	0.00000053	0.00000037	0.00000028	0.00000021	0.00000017	0.00000014	0.00000011	0.00000010	0.00000008	0.00000007	0.00000006	0.00000006	0.00000005	0.00000005	0.00000004	0.00000004	0.00000004	0.00000003	0.00000003	0.00000003	0.00000003	0.00000003	0.00000002	0.00000002	0.00000002	0.00000002	0.00000002	0.00000002	0.00000002	0.00000002	0.00000002	0.00000002	0.00000002	0.00000002	0.00000001	0.00000001	0.00000001	0.00000001	0.00000001	0.00000001	0.00000001	0.00000001	0.00000001	0.00000001	0.00000001	0.00000001	0.00000001
106	0.00000190	0.00000106	0.00000065	0.00000044	0.00000031	0.00000023	0.00000018	0.00000014	0.00000011	0.00000009	0.00000008	0.00000007	0.00000006	0.00000005	0.00000005	0.00000004	0.00000004	0.00000003	0.00000003	0.00000003	0.00000003	0.00000003	0.00000002	0.00000002	0.00000002	0.00000002	0.00000002	0.00000002	0.00000002	0.00000002	0.00000002	0.00000001	0.00000001	0.00000001	0.00000001	0.00000001	0.00000001	0.00000001	0.00000001	0.00000001	0.00000001	0.00000001	0.00000001	0.00000001	0.00000001	0.00000001	0.00000001	0.00000001	0.00000001	0.00000001
107	0.00000157	0.00000087	0.00000054	0.00000036	0.00000026	0.00000019	0.00000015	0.00000012	0.00000009	0.00000008	0.00000007	0.00000006	0.00000005	0.00000004	0.00000004	0.00000003	0.00000003	0.00000003	0.00000003	0.00000002	0.00000002	0.00000002	0.00000002	0.00000002	0.00000002	0.00000002	0.00000002	0.00000001	0.00000001	0.00000001	0.00000001	0.00000001	0.00000001	0.00000001	0.00000001	0.00000001	0.00000001	0.00000001	0.00000001	0.00000001	0.00000001	0.00000001	0.00000001	0.00000001	0.00000001	0.00000001	0.00000001	0.00000001	0.00000001	0.00000001
108	0.00000129	0.00000072	0.00000045	0.00000030	0.00000021	0.00000016	0.00000012	0.00000010	0.00000008	0.00000006	0.00000005	0.00000005	0.00000004	0.00000004	0.00000003	0.00000003	0.00000003	0.00000002	0.00000002	0.00000002	0.00000002	0.00000002	0.00000002	0.00000002	0.00000001	0.00000001	0.00000001	0.00000001	0.00000001	0.00000001	0.00000001	0.00000001	0.00000001	0.00000001	0.00000001	0.00000001	0.00000001	0.00000001	0.00000001	0.00000001	0.00000001	0.00000001	0.00000001	0.00000001	0.00000001	0.00000001	0.00000001	0.00000001	0.00000001	0.00000001
109	0.00000107	0.00000060	0.00000037	0.00000025	0.00000017	0.00000013	0.00000010	0.00000008	0.00000006	0.00000005	0.00000005	0.00000004	0.00000003	0.00000003	0.00000003	0.00000002	0.00000002	0.00000002	0.00000002	0.00000002	0.00000002	0.00000001	0.00000001	0.00000001	0.00000001	0.00000001	0.00000001	0.00000001	0.00000001	0.00000001	0.00000001	0.00000001	0.00000001	0.00000001	0.00000001	0.00000001	0.00000001	0.00000001	0.00000001	0.00000001	0.00000001	0.00000001	0.00000001	0.00000001	0.00000001	0.00000001	0.00000001	0.00000001	0.00000001	0.00000000
110	0.00000088	0.00000049	0.00000030	0.00000020	0.00000014	0.00000011	0.00000008	0.00000007	0.00000005	0.00000004	0.00000004	0.00000003	0.00000003	0.00000002	0.00000002	0.00000002	0.00000002	0.00000002	0.00000001	0.00000001	0.00000001	0.00000001	0.00000001	0.00000001	0.00000001	0.00000001	0.00000001	0.00000001	0.00000001	0.00000001	0.00000001	0.00000001	0.00000001	0.00000001	0.00000001	0.00000001	0.00000001	0.00000001	0.00000001	0.00000001	0.00000001	0.00000000	0.00000000	0.00000000	0.00000000	0.00000000	0.00000000	0.00000000	0.00000000	0.00000000
111	0.00000073	0.00000041	0.00000025	0.00000017	0.00000012	0.00000009	0.00000007	0.00000005	0.00000004	0.00000004	0.00000003	0.00000003	0.00000002	0.00000002	0.00000002	0.00000002	0.00000001	0.00000001	0.00000001	0.00000001	0.00000001	0.00000001	0.00000001	0.00000001	0.00000001	0.00000001	0.00000001	0.00000001	0.00000001	0.00000001	0.00000001	0.00000001	0.00000001	0.00000001	0.00000001	0.00000000	0.00000000	0.00000000	0.00000000	0.00000000	0.00000000	0.00000000	0.00000000	0.00000000	0.00000000	0.00000000	0.00000000	0.00000000	0.00000000	0.00000000
112	0.00000060	0.00000034	0.00000021	0.00000014	0.00000010	0.00000007	0.00000006	0.00000004	0.00000004	0.00000003	0.00000003	0.00000002	0.00000002	0.00000002	0.00000001	0.00000001	0.00000001	0.00000001	0.00000001	0.00000001	0.00000001	0.00000001	0.00000001	0.00000001	0.00000001	0.00000001	0.00000001	0.00000001	0.00000001	0.00000001	0.00000000	0.00000000	0.00000000	0.00000000	0.00000000	0.00000000	0.00000000	0.00000000	0.00000000	0.00000000	0.00000000	0.00000000	0.00000000	0.00000000	0.00000000	0.00000000	0.00000000	0.00000000	0.00000000	0.00000000
113	0.00000050	0.00000028	0.00000017	0.00000011	0.00000008	0.00000006	0.00000005	0.00000004	0.00000003	0.00000002	0.00000002	0.00000002	0.00000002	0.00000001	0.00000001	0.00000001	0.00000001	0.00000001	0.00000001	0.00000001	0.00000001	0.00000001	0.00000001	0.00000001	0.00000001	0.00000001	0.00000000	0.00000000	0.00000000	0.00000000	0.00000000	0.00000000	0.00000000	0.00000000	0.00000000	0.00000000	0.00000000	0.00000000	0.00000000	0.00000000	0.00000000	0.00000000	0.00000000	0.00000000	0.00000000	0.00000000	0.00000000	0.00000000	0.00000000	0.00000000
114	0.00000041	0.00000023	0.00000014	0.00000009	0.00000007	0.00000005	0.00000004	0.00000003	0.00000002	0.00000002	0.00000002	0.00000001	0.00000001	0.00000001	0.00000001	0.00000001	0.00000001	0.00000001	0.00000001	0.00000001	0.00000001	0.00000001	0.00000001	0.00000000	0.00000000	0.00000000	0.00000000	0.00000000	0.00000000	0.00000000	0.00000000	0.00000000	0.00000000	0.00000000	0.00000000	0.00000000	0.00000000	0.00000000	0.00000000	0.00000000	0.00000000	0.00000000	0.00000000	0.00000000	0.00000000	0.00000000	0.00000000	0.00000000	0.00000000	0.00000000
115	0.00000034	0.00000019	0.00000012	0.00000008	0.00000006	0.00000004	0.00000003	0.00000003	0.00000002	0.00000002	0.00000001	0.00000001	0.00000001	0.00000001	0.00000001	0.00000001	0.00000001	0.00000001	0.00000001	0.00000001	0.00000000	0.00000000	0.00000000	0.00000000	0.00000000	0.00000000	0.00000000	0.00000000	0.00000000	0.00000000	0.00000000	0.00000000	0.00000000	0.00000000	0.00000000	0.00000000	0.00000000	0.00000000	0.00000000	0.00000000	0.00000000	0.00000000	0.00000000	0.00000000	0.00000000	0.00000000	0.00000000	0.00000000	0.00000000	0.00000000
116	0.00000028	0.00000016	0.00000010	0.00000006	0.00000005	0.00000003	0.00000003	0.00000002	0.00000002	0.00000001	0.00000001	0.00000001	0.00000001	0.00000001	0.00000001	0.00000001	0.00000001	0.00000001	0.00000000	0.00000000	0.00000000	0.00000000	0.00000000	0.00000000	0.00000000	0.00000000	0.00000000	0.00000000	0.00000000	0.00000000	0.00000000	0.00000000	0.00000000	0.00000000	0.00000000	0.00000000	0.00000000	0.00000000	0.00000000	0.00000000	0.00000000	0.00000000	0.00000000	0.00000000	0.00000000	0.00000000	0.00000000	0.00000000	0.00000000	0.00000000
117	0.00000023	0.00000013	0.00000008	0.00000005	0.00000004	0.00000003	0.00000002	0.00000002	0.00000001	0.00000001	0.00000001	0.00000001	0.00000001	0.00000001	0.00000001	0.00000001	0.00000000	0.00000000	0.00000000	0.00000000	0.00000000	0.00000000	0.00000000	0.00000000	0.00000000	0.00000000	0.00000000	0.00000000	0.00000000	0.00000000	0.00000000	0.00000000	0.00000000	0.00000000	0.00000000	0.00000000	0.00000000	0.00000000	0.00000000	0.00000000	0.00000000	0.00000000	0.00000000	0.00000000	0.00000000	0.00000000	0.00000000	0.00000000	0.00000000	0.00000000
118	0.00000019	0.00000011	0.00000007	0.00000004	0.00000003	0.00000002	0.00000002	0.00000001	0.00000001	0.00000001	0.00000001	0.00000001	0.00000001	0.00000001	0.00000000	0.00000000	0.00000000	0.00000000	0.00000000	0.00000000	0.00000000	0.00000000	0.00000000	0.00000000	0.00000000	0.00000000	0.00000000	0.00000000	0.00000000	0.00000000	0.00000000	0.00000000	0.00000000	0.00000000	0.00000000	0.00000000	0.00000000	0.00000000	0.00000000	0.00000000	0.00000000	0.00000000	0.00000000	0.00000000	0.00000000	0.00000000	0.00000000	0.00000000	0.00000000	0.00000000
119	0.00000016	0.00000009	0.00000005	0.00000004	0.00000003	0.00000002	0.00000001	0.00000001	0.00000001	0.00000001	0.00000001	0.00000001	0.00000001	0.00000000	0.00000000	0.00000000	0.00000000	0.00000000	0.00000000	0.00000000	0.00000000	0.00000000	0.00000000	0.00000000	0.00000000	0.00000000	0.00000000	0.00000000	0.00000000	0.00000000	0.00000000	0.00000000	0.00000000	0.00000000	0.00000000	0.00000000	0.00000000	0.00000000	0.00000000	0.00000000	0.00000000	0.00000000	0.00000000	0.00000000	0.00000000	0.00000000	0.00000000	0.00000000	0.00000000	0.00000000
120	0.00000013	0.00000007	0.00000005	0.00000003	0.00000002	0.00000002	0.00000001	0.00000001	0.00000001	0.00000001	0.00000001	0.00000000	0.00000000	0.00000000	0.00000000	0.00000000	0.00000000	0.00000000	0.00000000	0.00000000	0.00000000	0.00000000	0.00000000	0.00000000	0.00000000	0.00000000	0.00000000	0.00000000	0.00000000	0.00000000	0.00000000	0.00000000	0.00000000	0.00000000	0.00000000	0.00000000	0.00000000	0.00000000	0.00000000	0.00000000	0.00000000	0.00000000	0.00000000	0.00000000	0.00000000	0.00000000	0.00000000	0.00000000	0.00000000	0.00000000
121	0.00000011	0.00000006	0.00000004	0.00000002	0.00000002	0.00000001	0.00000001	0.00000001	0.00000001	0.00000001	0.00000000	0.00000000	0.00000000	0.00000000	0.00000000	0.00000000	0.00000000	0.00000000	0.00000000	0.00000000	0.00000000	0.00000000	0.00000000	0.00000000	0.00000000	0.00000000	0.00000000	0.00000000	0.00000000	0.00000000	0.00000000	0.00000000	0.00000000	0.00000000	0.00000000	0.00000000	0.00000000	0.00000000	0.00000000	0.00000000	0.00000000	0.00000000	0.00000000	0.00000000	0.00000000	0.00000000	0.00000000	0.00000000	0.00000000	0.00000000
122	0.00000009	0.00000005	0.00000003	0.00000002	0.00000001	0.00000001	0.00000001	0.00000001	0.00000001	0.00000000	0.00000000	0.00000000	0.00000000	0.00000000	0.00000000	0.00000000	0.00000000	0.00000000	0.00000000	0.00000000	0.00000000	0.00000000	0.00000000	0.00000000	0.00000000	0.00000000	0.00000000	0.00000000	0.00000000	0.00000000	0.00000000	0.00000000	0.00000000	0.00000000	0.00000000	0.00000000	0.00000000	0.00000000	0.00000000	0.00000000	0.00000000	0.00000000	0.00000000	0.00000000	0.00000000	0.00000000	0.00000000	0.00000000	0.00000000	0.00000000
123	0.00000007	0.00000004	0.00000003	0.00000002	0.00000001	0.00000001	0.00000001	0.00000001	0.00000000	0.00000000	0.00000000	0.00000000	0.00000000	0.00000000	0.00000000	0.00000000	0.00000000	0.00000000	0.00000000	0.00000000	0.00000000	0.00000000	0.00000000	0.00000000	0.00000000	0.00000000	0.00000000	0.00000000	0.00000000	0.00000000	0.00000000	0.00000000	0.00000000	0.00000000	0.00000000	0.00000000	0.00000000	0.00000000	0.00000000	0.00000000	0.00000000	0.00000000	0.00000000	0.00000000	0.00000000	0.00000000	0.00000000	0.00000000	0.00000000	0.00000000
124	0.00000006	0.00000003	0.00000002	0.00000001	0.00000001	0.00000001	0.00000001	0.00000000	0.00000000	0.00000000	0.00000000	0.00000000	0.00000000	0.00000000	0.00000000	0.00000000	0.00000000	0.00000000	0.00000000	0.00000000	0.00000000	0.00000000	0.00000000	0.00000000	0.00000000	0.00000000	0.00000000	0.00000000	0.00000000	0.00000000	0.00000000	0.00000000	0.00000000	0.00000000	0.00000000	0.00000000	0.00000000	0.00000000	0.00000000	0.00000000	0.00000000	0.00000000	0.00000000	0.00000000	0.00000000	0.00000000	0.00000000	0.00000000	0.00000000	0.00000000
125	0.00000005	0.00000003	0.00000002	0.00000001	0.00000001	0.00000001	0.00000000	0.00000000	0.00000000	0.00000000	0.00000000	0.00000000	0.00000000	0.00000000	0.00000000	0.00000000	0.00000000	0.00000000	0.00000000	0.00000000	0.00000000	0.00000000	0.00000000	0.00000000	0.00000000	0.00000000	0.00000000	0.00000000	0.00000000	0.00000000	0.00000000	0.00000000	0.00000000	0.00000000	0.00000000	0.00000000	0.00000000	0.00000000	0.00000000	0.00000000	0.00000000	0.00000000	0.00000000	0.00000000	0.00000000	0.00000000	0.00000000	0.00000000	0.00000000	0.00000000
126	0.00000004	0.00000002	0.00000001	0.00000001	0.00000001	0.00000001	0.00000000	0.00000000	0.00000000	0.00000000	0.00000000	0.00000000	0.00000000	0.00000000	0.00000000	0.00000000	0.00000000	0.00000000	0.00000000	0.00000000	0.00000000	0.00000000	0.00000000	0.00000000	0.00000000	0.00000000	0.00000000	0.00000000	0.00000000	0.00000000	0.00000000	0.00000000	0.00000000	0.00000000	0.00000000	0.00000000	0.00000000	0.00000000	0.00000000	0.00000000	0.00000000	0.00000000	0.00000000	0.00000000	0.00000000	0.00000000	0.00000000	0.00000000	0.00000000	0.00000000
127	0.00000003	0.00000002	0.00000001	0.00000001	0.00000001	0.00000000	0.00000000	0.00000000	0.00000000	0.00000000	0.00000000	0.00000000	0.00000000	0.00000000	0.00000000	0.00000000	0.00000000	0.00000000	0.00000000	0.00000000	0.00000000	0.00000000	0.00000000	0.00000000	0.00000000	0.00000000	0.00000000	0.00000000	0.00000000	0.00000000	0.00000000	0.00000000	0.00000000	0.00000000	0.00000000	0.00000000	0.00000000	0.00000000	0.00000000	0.00000000	0.00000000	0.00000000	0.00000000	0.00000000	0.00000000	0.00000000	0.00000000	0.00000000	0.00000000	0.00000000
128	0.00000003	0.00000002	0.00000001	0.00000001	0.00000000	0.00000000	0.00000000	0.00000000	0.00000000	0.00000000	0.00000000	0.00000000	0.00000000	0.00000000	0.00000000	0.00000000	0.00000000	0.00000000	0.00000000	0.00000000	0.00000000	0.00000000	0.00000000	0.00000000	0.00000000	0.00000000	0.00000000	0.00000000	0.00000000	0.00000000	0.00000000	0.00000000	0.00000000	0.00000000	0.00000000	0.00000000	0.00000000	0.00000000	0.00000000	0.00000000	0.00000000	0.00000000	0.00000000	0.00000000	0.00000000	0.00000000	0.00000000	0.00000000	0.00000000	0.00000000
129	0.00000002	0.00000001	0.00000001	0.00000001	0.00000000	0.00000000	0.00000000	0.00000000	0.00000000	0.00000000	0.00000000	0.00000000	0.00000000	0.00000000	0.00000000	0.00000000	0.00000000	0.00000000	0.00000000	0.00000000	0.00000000	0.00000000	0.00000000	0.00000000	0.00000000	0.00000000	0.00000000	0.00000000	0.00000000	0.00000000	0.00000000	0.00000000	0.00000000	0.00000000	0.00000000	0.00000000	0.00000000	0.00000000	0.00000000	0.00000000	0.00000000	0.00000000	0.00000000	0.00000000	0.00000000	0.00000000	0.00000000	0.00000000	0.00000000	0.00000000
130	0.00000002	0.00000001	0.00000001	0.00000000	0.00000000	0.00000000	0.00000000	0.00000000	0.00000000	0.00000000	0.00000000	0.00000000	0.00000000	0.00000000	0.00000000	0.00000000	0.00000000	0.00000000	0.00000000	0.00000000	0.00000000	0.00000000	0.00000000	0.00000000	0.00000000	0.00000000	0.00000000	0.00000000	0.00000000	0.00000000	0.00000000	0.00000000	0.00000000	0.00000000	0.00000000	0.00000000	0.00000000	0.00000000	0.00000000	0.00000000	0.00000000	0.00000000	0.00000000	0.00000000	0.00000000	0.00000000	0.00000000	0.00000000	0.00000000	0.00000000
131	0.00000002	0.00000001	0.00000001	0.00000000	0.00000000	0.00000000	0.00000000	0.00000000	0.00000000	0.00000000	0.00000000	0.00000000	0.00000000	0.00000000	0.00000000	0.00000000	0.00000000	0.00000000	0.00000000	0.00000000	0.00000000	0.00000000	0.00000000	0.00000000	0.00000000	0.00000000	0.00000000	0.00000000	0.00000000	0.00000000	0.00000000	0.00000000	0.00000000	0.00000000	0.00000000	0.00000000	0.00000000	0.00000000	0.00000000	0.00000000	0.00000000	0.00000000	0.00000000	0.00000000	0.00000000	0.00000000	0.00000000	0.00000000	0.00000000	0.00000000
132	0.00000001	0.00000001	0.00000000	0.00000000	0.00000000	0.00000000	0.00000000	0.00000000	0.00000000	0.00000000	0.00000000	0.00000000	0.00000000	0.00000000	0.00000000	0.00000000	0.00000000	0.00000000	0.00000000	0.00000000	0.00000000	0.00000000	0.00000000	0.00000000	0.00000000	0.00000000	0.00000000	0.00000000	0.00000000	0.00000000	0.00000000	0.00000000	0.00000000	0.00000000	0.00000000	0.00000000	0.00000000	0.00000000	0.00000000	0.00000000	0.00000000	0.00000000	0.00000000	0.00000000	0.00000000	0.00000000	0.00000000	0.00000000	0.00000000	0.00000000
133	0.00000001	0.00000001	0.00000000	0.00000000	0.00000000	0.00000000	0.00000000	0.00000000	0.00000000	0.00000000	0.00000000	0.00000000	0.00000000	0.00000000	0.00000000	0.00000000	0.00000000	0.00000000	0.00000000	0.00000000	0.00000000	0.00000000	0.00000000	0.00000000	0.00000000	0.00000000	0.00000000	0.00000000	0.00000000	0.00000000	0.00000000	0.00000000	0.00000000	0.00000000	0.00000000	0.00000000	0.00000000	0.00000000	0.00000000	0.00000000	0.00000000	0.00000000	0.00000000	0.00000000	0.00000000	0.00000000	0.00000000	0.00000000	0.00000000	0.00000000
134	0.00000001	0.00000001	0.00000000	0.00000000	0.00000000	0.00000000	0.00000000	0.00000000	0.00000000	0.00000000	0.00000000	0.00000000	0.00000000	0.00000000	0.00000000	0.00000000	0.00000000	0.00000000	0.00000000	0.00000000	0.00000000	0.00000000	0.00000000	0.00000000	0.00000000	0.00000000	0.00000000	0.00000000	0.00000000	0.00000000	0.00000000	0.00000000	0.00000000	0.00000000	0.00000000	0.00000000	0.00000000	0.00000000	0.00000000	0.00000000	0.00000000	0.00000000	0.00000000	0.00000000	0.00000000	0.00000000	0.00000000	0.00000000	0.00000000	0.00000000
135	0.00000001	0.00000000	0.00000000	0.00000000	0.00000000	0.00000000	0.00000000	0.00000000	0.00000000	0.00000000	0.00000000	0.00000000	0.00000000	0.00000000	0.00000000	0.00000000	0.00000000	0.00000000	0.00000000	0.00000000	0.00000000	0.00000000	0.00000000	0.00000000	0.00000000	0.00000000	0.00000000	0.00000000	0.00000000	0.00000000	0.00000000	0.00000000	0.00000000	0.00000000	0.00000000	0.00000000	0.00000000	0.00000000	0.00000000	0.00000000	0.00000000	0.00000000	0.00000000	0.00000000	0.00000000	0.00000000	0.00000000	0.00000000	0.00000000	0.00000000
136	0.00000001	0.00000000	0.00000000	0.00000000	0.00000000	0.00000000	0.00000000	0.00000000	0.00000000	0.00000000	0.00000000	0.00000000	0.00000000	0.00000000	0.00000000	0.00000000	0.00000000	0.00000000	0.00000000	0.00000000	0.00000000	0.00000000	0.00000000	0.00000000	0.00000000	0.00000000	0.00000000	0.00000000	0.00000000	0.00000000	0.00000000	0.00000000	0.00000000	0.00000000	0.00000000	0.00000000	0.00000000	0.00000000	0.00000000	0.00000000	0.00000000	0.00000000	0.00000000	0.00000000	0.00000000	0.00000000	0.00000000	0.00000000	0.00000000	0.00000000
137	0.00000001	0.00000000	0.00000000	0.00000000	0.00000000	0.00000000	0.00000000	0.00000000	0.00000000	0.00000000	0.00000000	0.00000000	0.00000000	0.00000000	0.00000000	0.00000000	0.00000000	0.00000000	0.00000000	0.00000000	0.00000000	0.00000000	0.00000000	0.00000000	0.00000000	0.00000000	0.00000000	0.00000000	0.00000000	0.00000000	0.00000000	0.00000000	0.00000000	0.00000000	0.00000000	0.00000000	0.00000000	0.00000000	0.00000000	0.00000000	0.00000000	0.00000000	0.00000000	0.00000000	0.00000000	0.00000000	0.00000000	0.00000000	0.00000000	0.00000000
138	0.00000000	0.00000000	0.00000000	0.00000000	0.00000000	0.00000000	0.00000000	0.00000000	0.00000000	0.00000000	0.00000000	0.00000000	0.00000000	0.00000000	0.00000000	0.00000000	0.00000000	0.00000000	0.00000000	0.00000000	0.00000000	0.00000000	0.00000000	0.00000000	0.00000000	0.00000000	0.00000000	0.00000000	0.00000000	0.00000000	0.00000000	0.00000000	0.00000000	0.00000000	0.00000000	0.00000000	0.00000000	0.00000000	0.00000000	0.00000000	0.00000000	0.00000000	0.00000000	0.00000000	0.00000000	0.00000000	0.00000000	0.00000000	0.00000000	0.00000000
139	0.00000000	0.00000000	0.00000000	0.00000000	0.00000000	0.00000000	0.00000000	0.00000000	0.00000000	0.00000000	0.00000000	0.00000000	0.00000000	0.00000000	0.00000000	0.00000000	0.00000000	0.00000000	0.00000000	0.00000000	0.00000000	0.00000000	0.00000000	0.00000000	0.00000000	0.00000000	0.00000000	0.00000000	0.00000000	0.00000000	0.00000000	0.00000000	0.00000000	0.00000000	0.00000000	0.00000000	0.00000000	0.00000000	0.00000000	0.00000000	0.00000000	0.00000000	0.00000000	0.00000000	0.00000000	0.00000000	0.00000000	0.00000000	0.00000000	0.00000000
140	0.00000000	0.00000000	0.00000000	0.00000000	0.00000000	0.00000000	0.00000000	0.00000000	0.00000000	0.00000000	0.00000000	0.00000000	0.00000000	0.00000000	0.00000000	0.00000000	0.00000000	0.00000000	0.00000000	0.00000000	0.00000000	0.00000000	0.00000000	0.00000000	0.00000000	0.00000000	0.00000000	0.00000000	0.00000000	0.00000000	0.00000000	0.00000000	0.00000000	0.00000000	0.00000000	0.00000000	0.00000000	0.00000000	0.00000000	0.00000000	0.00000000	0.00000000	0.00000000	0.00000000	0.00000000	0.00000000	0.00000000	0.00000000	0.00000000	0.00000000
141	0.00000000	0.00000000	0.00000000	0.00000000	0.00000000	0.00000000	0.00000000	0.00000000	0.00000000	0.00000000	0.00000000	0.00000000	0.00000000	0.00000000	0.00000000	0.00000000	0.00000000	0.00000000	0.00000000	0.00000000	0.00000000	0.00000000	0.00000000	0.00000000	0.00000000	0.00000000	0.00000000	0.00000000	0.00000000	0.00000000	0.00000000	0.00000000	0.00000000	0.00000000	0.00000000	0.00000000	0.00000000	0.00000000	0.00000000	0.00000000	0.00000000	0.00000000	0.00000000	0.00000000	0.00000000	0.00000000	0.00000000	0.00000000	0.00000000	0.00000000
142	0.00000000	0.00000000	0.00000000	0.00000000	0.00000000	0.00000000	0.00000000	0.00000000	0.00000000	0.00000000	0.00000000	0.00000000	0.00000000	0.00000000	0.00000000	0.00000000	0.00000000	0.00000000	0.00000000	0.00000000	0.00000000	0.00000000	0.00000000	0.00000000	0.00000000	0.00000000	0.00000000	0.00000000	0.00000000	0.00000000	0.00000000	0.00000000	0.00000000	0.00000000	0.00000000	0.00000000	0.00000000	0.00000000	0.00000000	0.00000000	0.00000000	0.00000000	0.00000000	0.00000000	0.00000000	0.00000000	0.00000000	0.00000000	0.00000000	0.00000000
143	0.00000000	0.00000000	0.00000000	0.00000000	0.00000000	0.00000000	0.00000000	0.00000000	0.00000000	0.00000000	0.00000000	0.00000000	0.00000000	0.00000000	0.00000000	0.00000000	0.00000000	0.00000000	0.00000000	0.00000000	0.00000000	0.00000000	0.00000000	0.00000000	0.00000000	0.00000000	0.00000000	0.00000000	0.00000000	0.00000000	0.00000000	0.00000000	0.00000000	0.00000000	0.00000000	0.00000000	0.00000000	0.00000000	0.00000000	0.00000000	0.00000000	0.00000000	0.00000000	0.00000000	0.00000000	0.00000000	0.00000000	0.00000000	0.00000000	0.00000000
144	0.00000000	0.00000000	0.00000000	0.00000000	0.00000000	0.00000000	0.00000000	0.00000000	0.00000000	0.00000000	0.00000000	0.00000000	0.00000000	0.00000000	0.00000000	0.00000000	0.00000000	0.00000000	0.00000000	0.00000000	0.00000000	0.00000000	0.00000000	0.00000000	0.00000000	0.00000000	0.00000000	0.00000000	0.00000000	0.00000000	0.00000000	0.00000000	0.00000000	0.00000000	0.00000000	0.00000000	0.00000000	0.00000000	0.00000000	0.00000000	0.00000000	0.00000000	0.00000000	0.00000000	0.00000000	0.00000000	0.00000000	0.00000000	0.00000000	0.00000000
145	0.00000000	0.00000000	0.00000000	0.00000000	0.00000000	0.00000000	0.00000000	0.00000000	0.00000000	0.00000000	0.00000000	0.00000000	0.00000000	0.00000000	0.00000000	0.00000000	0.00000000	0.00000000	0.00000000	0.00000000	0.00000000	0.00000000	0.00000000	0.00000000	0.00000000	0.00000000	0.00000000	0.00000000	0.00000000	0.00000000	0.00000000	0.00000000	0.00000000	0.00000000	0.00000000	0.00000000	0.00000000	0.00000000	0.00000000	0.00000000	0.00000000	0.00000000	0.00000000	0.00000000	0.00000000	0.00000000	0.00000000	0.00000000	0.00000000	0.00000000
146	0.00000000	0.00000000	0.00000000	0.00000000	0.00000000	0.00000000	0.00000000	0.00000000	0.00000000	0.00000000	0.00000000	0.00000000	0.00000000	0.00000000	0.00000000	0.00000000	0.00000000	0.00000000	0.00000000	0.00000000	0.00000000	0.00000000	0.00000000	0.00000000	0.00000000	0.00000000	0.00000000	0.00000000	0.00000000	0.00000000	0.00000000	0.00000000	0.00000000	0.00000000	0.00000000	0.00000000	0.00000000	0.00000000	0.00000000	0.00000000	0.00000000	0.00000000	0.00000000	0.00000000	0.00000000	0.00000000	0.00000000	0.00000000	0.00000000	0.00000000
147	0.00000000	0.00000000	0.00000000	0.00000000	0.00000000	0.00000000	0.00000000	0.00000000	0.00000000	0.00000000	0.00000000	0.00000000	0.00000000	0.00000000	0.00000000	0.00000000	0.00000000	0.00000000	0.00000000	0.00000000	0.00000000	0.00000000	0.00000000	0.00000000	0.00000000	0.00000000	0.00000000	0.00000000	0.00000000	0.00000000	0.00000000	0.00000000	0.00000000	0.00000000	0.00000000	0.00000000	0.00000000	0.00000000	0.00000000	0.00000000	0.00000000	0.00000000	0.00000000	0.00000000	0.00000000	0.00000000	0.00000000	0.00000000	0.00000000	0.00000000
148	0.00000000	0.00000000	0.00000000	0.00000000	0.00000000	0.00000000	0.00000000	0.00000000	0.00000000	0.00000000	0.00000000	0.00000000	0.00000000	0.00000000	0.00000000	0.00000000	0.00000000	0.00000000	0.00000000	0.00000000	0.00000000	0.00000000	0.00000000	0.00000000	0.00000000	0.00000000	0.00000000	0.00000000	0.00000000	0.00000000	0.00000000	0.00000000	0.00000000	0.00000000	0.00000000	0.00000000	0.00000000	0.00000000	0.00000000	0.00000000	0.00000000	0.00000000	0.00000000	0.00000000	0.00000000	0.00000000	0.00000000	0.00000000	0.00000000	0.00000000
149	0.00000000	0.00000000	0.00000000	0.00000000	0.00000000	0.00000000	0.00000000	0.00000000	0.00000000	0.00000000	0.00000000	0.00000000	0.00000000	0.00000000	0.00000000	0.00000000	0.00000000	0.00000000	0.00000000	0.00000000	0.00000000	0.00000000	0.00000000	0.00000000	0.00000000	0.00000000	0.00000000	0.00000000	0.00000000	0.00000000	0.00000000	0.00000000	0.00000000	0.00000000	0.00000000	0.00000000	0.00000000	0.00000000	0.00000000	0.00000000	0.00000000	0.00000000	0.00000000	0.00000000	0.00000000	0.00000000	0.00000000	0.00000000	0.00000000	0.00000000
150	0.00000000	0.00000000	0.00000000	0.00000000	0.00000000	0.00000000	0.00000000	0.00000000	0.00000000	0.00000000	0.00000000	0.00000000	0.00000000	0.00000000	0.00000000	0.00000000	0.00000000	0.00000000	0.00000000	0.00000000	0.00000000	0.00000000	0.00000000	0.00000000	0.00000000	0.00000000	0.00000000	0.00000000	0.00000000	0.00000000	0.00000000	0.00000000	0.00000000	0.00000000	0.00000000	0.00000000	0.00000000	0.00000000	0.00000000	0.00000000	0.00000000	0.00000000	0.00000000	0.00000000	0.00000000	0.00000000	0.00000000	0.00000000	0.00000000	0.00000000
